vreg1	V(vo)	I(Rl)
4.000000000000000e+000	3.079076e+000	3.079076e-001
4.020000000000000e+000	3.096848e+000	3.096848e-001
4.039999999999999e+000	3.114473e+000	3.114473e-001
4.059999999999999e+000	3.131912e+000	3.131911e-001
4.079999999999998e+000	3.149116e+000	3.149116e-001
4.099999999999998e+000	3.166026e+000	3.166026e-001
4.119999999999997e+000	3.182564e+000	3.182564e-001
4.139999999999997e+000	3.198627e+000	3.198627e-001
4.159999999999997e+000	3.214074e+000	3.214074e-001
4.179999999999996e+000	3.228710e+000	3.228710e-001
4.199999999999996e+000	3.242254e+000	3.242254e-001
4.219999999999995e+000	3.254328e+000	3.254328e-001
4.239999999999995e+000	3.264475e+000	3.264475e-001
4.259999999999995e+000	3.272310e+000	3.272310e-001
4.279999999999994e+000	3.277780e+000	3.277780e-001
4.299999999999994e+000	3.281260e+000	3.281260e-001
4.319999999999993e+000	3.283331e+000	3.283331e-001
4.339999999999993e+000	3.284517e+000	3.284517e-001
4.359999999999992e+000	3.285191e+000	3.285191e-001
4.379999999999992e+000	3.285582e+000	3.285582e-001
4.399999999999992e+000	3.285822e+000	3.285822e-001
4.419999999999991e+000	3.285981e+000	3.285981e-001
4.439999999999991e+000	3.286098e+000	3.286098e-001
4.459999999999990e+000	3.286191e+000	3.286191e-001
4.479999999999990e+000	3.286273e+000	3.286273e-001
4.499999999999989e+000	3.286347e+000	3.286347e-001
4.519999999999989e+000	3.286418e+000	3.286419e-001
4.539999999999989e+000	3.286488e+000	3.286487e-001
4.559999999999988e+000	3.286555e+000	3.286555e-001
4.579999999999988e+000	3.286623e+000	3.286622e-001
4.599999999999987e+000	3.286689e+000	3.286689e-001
4.619999999999987e+000	3.286756e+000	3.286756e-001
4.639999999999986e+000	3.286822e+000	3.286822e-001
4.659999999999986e+000	3.286888e+000	3.286888e-001
4.679999999999986e+000	3.286953e+000	3.286954e-001
4.699999999999985e+000	3.287019e+000	3.287019e-001
4.719999999999985e+000	3.287085e+000	3.287085e-001
4.739999999999984e+000	3.287150e+000	3.287150e-001
4.759999999999984e+000	3.287215e+000	3.287215e-001
4.779999999999983e+000	3.287280e+000	3.287280e-001
4.799999999999983e+000	3.287345e+000	3.287345e-001
4.819999999999983e+000	3.287410e+000	3.287410e-001
4.839999999999982e+000	3.287475e+000	3.287475e-001
4.859999999999982e+000	3.287539e+000	3.287539e-001
4.879999999999981e+000	3.287604e+000	3.287604e-001
4.899999999999981e+000	3.287668e+000	3.287669e-001
4.919999999999980e+000	3.287733e+000	3.287733e-001
4.939999999999980e+000	3.287797e+000	3.287797e-001
4.959999999999980e+000	3.287861e+000	3.287861e-001
4.979999999999979e+000	3.287925e+000	3.287925e-001
4.999999999999979e+000	3.287988e+000	3.287989e-001
5.019999999999978e+000	3.288052e+000	3.288052e-001
5.039999999999978e+000	3.288116e+000	3.288116e-001
5.059999999999977e+000	3.288179e+000	3.288179e-001
5.079999999999977e+000	3.288243e+000	3.288243e-001
5.099999999999977e+000	3.288306e+000	3.288306e-001
5.119999999999976e+000	3.288369e+000	3.288369e-001
5.139999999999976e+000	3.288432e+000	3.288432e-001
5.159999999999975e+000	3.288495e+000	3.288495e-001
5.179999999999975e+000	3.288558e+000	3.288558e-001
5.199999999999974e+000	3.288621e+000	3.288621e-001
5.219999999999974e+000	3.288683e+000	3.288683e-001
5.239999999999974e+000	3.288746e+000	3.288746e-001
5.259999999999973e+000	3.288808e+000	3.288808e-001
5.279999999999973e+000	3.288871e+000	3.288871e-001
5.299999999999972e+000	3.288933e+000	3.288933e-001
5.319999999999972e+000	3.288995e+000	3.288995e-001
5.339999999999971e+000	3.289057e+000	3.289057e-001
5.359999999999971e+000	3.289119e+000	3.289119e-001
5.379999999999971e+000	3.289181e+000	3.289181e-001
5.399999999999970e+000	3.289243e+000	3.289243e-001
5.419999999999970e+000	3.289305e+000	3.289305e-001
5.439999999999969e+000	3.289367e+000	3.289367e-001
5.459999999999969e+000	3.289428e+000	3.289428e-001
5.479999999999969e+000	3.289490e+000	3.289490e-001
5.499999999999968e+000	3.289551e+000	3.289551e-001
5.519999999999968e+000	3.289613e+000	3.289613e-001
5.539999999999967e+000	3.289674e+000	3.289674e-001
5.559999999999967e+000	3.289735e+000	3.289735e-001
5.579999999999966e+000	3.289796e+000	3.289796e-001
5.599999999999966e+000	3.289857e+000	3.289857e-001
5.619999999999966e+000	3.289918e+000	3.289918e-001
5.639999999999965e+000	3.289979e+000	3.289979e-001
5.659999999999965e+000	3.290040e+000	3.290040e-001
5.679999999999964e+000	3.290101e+000	3.290100e-001
5.699999999999964e+000	3.290161e+000	3.290161e-001
5.719999999999963e+000	3.290222e+000	3.290222e-001
5.739999999999963e+000	3.290282e+000	3.290282e-001
5.759999999999963e+000	3.290343e+000	3.290343e-001
5.779999999999962e+000	3.290403e+000	3.290403e-001
5.799999999999962e+000	3.290463e+000	3.290463e-001
5.819999999999961e+000	3.290524e+000	3.290524e-001
5.839999999999961e+000	3.290584e+000	3.290584e-001
5.859999999999960e+000	3.290644e+000	3.290644e-001
5.879999999999960e+000	3.290704e+000	3.290704e-001
5.899999999999960e+000	3.290764e+000	3.290764e-001
5.919999999999959e+000	3.290824e+000	3.290824e-001
5.939999999999959e+000	3.290884e+000	3.290884e-001
5.959999999999958e+000	3.290943e+000	3.290944e-001
5.979999999999958e+000	3.291003e+000	3.291003e-001
5.999999999999957e+000	3.291063e+000	3.291063e-001
6.019999999999957e+000	3.291122e+000	3.291122e-001
6.039999999999957e+000	3.291182e+000	3.291182e-001
6.059999999999956e+000	3.291241e+000	3.291241e-001
6.079999999999956e+000	3.291301e+000	3.291301e-001
6.099999999999955e+000	3.291360e+000	3.291360e-001
6.119999999999955e+000	3.291419e+000	3.291419e-001
6.139999999999954e+000	3.291479e+000	3.291478e-001
6.159999999999954e+000	3.291538e+000	3.291538e-001
6.179999999999954e+000	3.291597e+000	3.291597e-001
6.199999999999953e+000	3.291656e+000	3.291656e-001
6.219999999999953e+000	3.291715e+000	3.291715e-001
6.239999999999952e+000	3.291774e+000	3.291774e-001
6.259999999999952e+000	3.291833e+000	3.291833e-001
6.279999999999951e+000	3.291892e+000	3.291892e-001
6.299999999999951e+000	3.291950e+000	3.291950e-001
6.319999999999951e+000	3.292009e+000	3.292009e-001
6.339999999999950e+000	3.292068e+000	3.292068e-001
6.359999999999950e+000	3.292126e+000	3.292126e-001
6.379999999999949e+000	3.292185e+000	3.292185e-001
6.399999999999949e+000	3.292243e+000	3.292243e-001
6.419999999999948e+000	3.292302e+000	3.292302e-001
6.439999999999948e+000	3.292360e+000	3.292360e-001
6.459999999999948e+000	3.292419e+000	3.292419e-001
6.479999999999947e+000	3.292477e+000	3.292477e-001
6.499999999999947e+000	3.292535e+000	3.292535e-001
6.519999999999946e+000	3.292593e+000	3.292593e-001
6.539999999999946e+000	3.292652e+000	3.292652e-001
6.559999999999945e+000	3.292710e+000	3.292710e-001
6.579999999999945e+000	3.292768e+000	3.292768e-001
6.599999999999945e+000	3.292826e+000	3.292826e-001
6.619999999999944e+000	3.292884e+000	3.292884e-001
6.639999999999944e+000	3.292942e+000	3.292942e-001
6.659999999999943e+000	3.293000e+000	3.293000e-001
6.679999999999943e+000	3.293057e+000	3.293058e-001
6.699999999999942e+000	3.293115e+000	3.293115e-001
6.719999999999942e+000	3.293173e+000	3.293173e-001
6.739999999999942e+000	3.293231e+000	3.293231e-001
6.759999999999941e+000	3.293288e+000	3.293289e-001
6.779999999999941e+000	3.293346e+000	3.293346e-001
6.799999999999940e+000	3.293404e+000	3.293404e-001
6.819999999999940e+000	3.293461e+000	3.293461e-001
6.839999999999940e+000	3.293519e+000	3.293519e-001
6.859999999999939e+000	3.293576e+000	3.293576e-001
6.879999999999939e+000	3.293634e+000	3.293634e-001
6.899999999999938e+000	3.293691e+000	3.293691e-001
6.919999999999938e+000	3.293748e+000	3.293748e-001
6.939999999999937e+000	3.293806e+000	3.293806e-001
6.959999999999937e+000	3.293863e+000	3.293863e-001
6.979999999999937e+000	3.293920e+000	3.293920e-001
6.999999999999936e+000	3.293977e+000	3.293977e-001
7.019999999999936e+000	3.294034e+000	3.294034e-001
7.039999999999935e+000	3.294091e+000	3.294092e-001
7.059999999999935e+000	3.294149e+000	3.294149e-001
7.079999999999934e+000	3.294206e+000	3.294206e-001
7.099999999999934e+000	3.294263e+000	3.294263e-001
7.119999999999934e+000	3.294320e+000	3.294320e-001
7.139999999999933e+000	3.294376e+000	3.294376e-001
7.159999999999933e+000	3.294433e+000	3.294433e-001
7.179999999999932e+000	3.294490e+000	3.294490e-001
7.199999999999932e+000	3.294547e+000	3.294547e-001
7.219999999999931e+000	3.294604e+000	3.294604e-001
7.239999999999931e+000	3.294661e+000	3.294660e-001
7.259999999999931e+000	3.294717e+000	3.294717e-001
7.279999999999930e+000	3.294774e+000	3.294774e-001
7.299999999999930e+000	3.294831e+000	3.294830e-001
7.319999999999929e+000	3.294887e+000	3.294887e-001
7.339999999999929e+000	3.294944e+000	3.294944e-001
7.359999999999928e+000	3.295000e+000	3.295000e-001
7.379999999999928e+000	3.295057e+000	3.295057e-001
7.399999999999928e+000	3.295113e+000	3.295113e-001
7.419999999999927e+000	3.295170e+000	3.295169e-001
7.439999999999927e+000	3.295226e+000	3.295226e-001
7.459999999999926e+000	3.295282e+000	3.295282e-001
7.479999999999926e+000	3.295339e+000	3.295338e-001
7.499999999999925e+000	3.295395e+000	3.295395e-001
7.519999999999925e+000	3.295451e+000	3.295451e-001
7.539999999999925e+000	3.295507e+000	3.295507e-001
7.559999999999924e+000	3.295563e+000	3.295563e-001
7.579999999999924e+000	3.295620e+000	3.295620e-001
7.599999999999923e+000	3.295676e+000	3.295676e-001
7.619999999999923e+000	3.295732e+000	3.295732e-001
7.639999999999922e+000	3.295788e+000	3.295788e-001
7.659999999999922e+000	3.295844e+000	3.295844e-001
7.679999999999922e+000	3.295900e+000	3.295900e-001
7.699999999999921e+000	3.295956e+000	3.295956e-001
7.719999999999921e+000	3.296012e+000	3.296012e-001
7.739999999999920e+000	3.296068e+000	3.296068e-001
7.759999999999920e+000	3.296124e+000	3.296124e-001
7.779999999999919e+000	3.296180e+000	3.296180e-001
7.799999999999919e+000	3.296236e+000	3.296236e-001
7.819999999999919e+000	3.296291e+000	3.296292e-001
7.839999999999918e+000	3.296347e+000	3.296347e-001
7.859999999999918e+000	3.296403e+000	3.296403e-001
7.879999999999917e+000	3.296459e+000	3.296459e-001
7.899999999999917e+000	3.296514e+000	3.296514e-001
7.919999999999916e+000	3.296570e+000	3.296570e-001
7.939999999999916e+000	3.296626e+000	3.296626e-001
7.959999999999916e+000	3.296681e+000	3.296681e-001
7.979999999999915e+000	3.296737e+000	3.296737e-001
7.999999999999915e+000	3.296793e+000	3.296793e-001
8.019999999999914e+000	3.296848e+000	3.296848e-001
8.039999999999914e+000	3.296904e+000	3.296903e-001
8.059999999999914e+000	3.296959e+000	3.296959e-001
8.079999999999913e+000	3.297014e+000	3.297015e-001
8.099999999999913e+000	3.297070e+000	3.297070e-001
8.119999999999912e+000	3.297125e+000	3.297125e-001
8.139999999999912e+000	3.297181e+000	3.297181e-001
8.159999999999911e+000	3.297236e+000	3.297236e-001
8.179999999999911e+000	3.297291e+000	3.297291e-001
8.199999999999911e+000	3.297347e+000	3.297347e-001
8.219999999999910e+000	3.297402e+000	3.297402e-001
8.239999999999910e+000	3.297457e+000	3.297457e-001
8.259999999999909e+000	3.297513e+000	3.297513e-001
8.279999999999909e+000	3.297568e+000	3.297568e-001
8.299999999999908e+000	3.297623e+000	3.297623e-001
8.319999999999908e+000	3.297678e+000	3.297678e-001
8.339999999999908e+000	3.297733e+000	3.297733e-001
8.359999999999907e+000	3.297788e+000	3.297788e-001
8.379999999999907e+000	3.297843e+000	3.297843e-001
8.399999999999906e+000	3.297899e+000	3.297898e-001
8.419999999999906e+000	3.297953e+000	3.297954e-001
8.439999999999905e+000	3.298008e+000	3.298008e-001
8.459999999999905e+000	3.298064e+000	3.298064e-001
8.479999999999905e+000	3.298118e+000	3.298118e-001
8.499999999999904e+000	3.298173e+000	3.298174e-001
8.519999999999904e+000	3.298228e+000	3.298228e-001
8.539999999999903e+000	3.298283e+000	3.298283e-001
8.559999999999903e+000	3.298338e+000	3.298338e-001
8.579999999999902e+000	3.298393e+000	3.298393e-001
8.599999999999902e+000	3.298448e+000	3.298448e-001
8.619999999999902e+000	3.298503e+000	3.298503e-001
8.639999999999901e+000	3.298558e+000	3.298557e-001
8.659999999999901e+000	3.298612e+000	3.298612e-001
8.679999999999900e+000	3.298667e+000	3.298667e-001
8.699999999999900e+000	3.298722e+000	3.298722e-001
8.719999999999899e+000	3.298776e+000	3.298776e-001
8.739999999999899e+000	3.298831e+000	3.298831e-001
8.759999999999899e+000	3.298886e+000	3.298886e-001
8.779999999999898e+000	3.298940e+000	3.298940e-001
8.799999999999898e+000	3.298995e+000	3.298995e-001
8.819999999999897e+000	3.299050e+000	3.299050e-001
8.839999999999897e+000	3.299104e+000	3.299104e-001
8.859999999999896e+000	3.299159e+000	3.299159e-001
8.879999999999896e+000	3.299213e+000	3.299213e-001
8.899999999999896e+000	3.299268e+000	3.299268e-001
8.919999999999895e+000	3.299322e+000	3.299322e-001
8.939999999999895e+000	3.299377e+000	3.299377e-001
8.959999999999894e+000	3.299431e+000	3.299432e-001
8.979999999999894e+000	3.299486e+000	3.299486e-001
8.999999999999893e+000	3.299540e+000	3.299540e-001
9.019999999999893e+000	3.299595e+000	3.299595e-001
9.039999999999893e+000	3.299649e+000	3.299649e-001
9.059999999999892e+000	3.299704e+000	3.299704e-001
9.079999999999892e+000	3.299758e+000	3.299758e-001
9.099999999999891e+000	3.299812e+000	3.299812e-001
9.119999999999891e+000	3.299866e+000	3.299867e-001
9.139999999999890e+000	3.299921e+000	3.299921e-001
9.159999999999890e+000	3.299975e+000	3.299975e-001
9.179999999999890e+000	3.300029e+000	3.300029e-001
9.199999999999889e+000	3.300084e+000	3.300084e-001
9.219999999999889e+000	3.300138e+000	3.300138e-001
9.239999999999888e+000	3.300192e+000	3.300192e-001
9.259999999999888e+000	3.300246e+000	3.300246e-001
9.279999999999888e+000	3.300300e+000	3.300301e-001
9.299999999999887e+000	3.300354e+000	3.300354e-001
9.319999999999887e+000	3.300409e+000	3.300409e-001
9.339999999999886e+000	3.300463e+000	3.300463e-001
9.359999999999886e+000	3.300517e+000	3.300517e-001
9.379999999999885e+000	3.300571e+000	3.300571e-001
9.399999999999885e+000	3.300625e+000	3.300625e-001
9.419999999999885e+000	3.300679e+000	3.300679e-001
9.439999999999884e+000	3.300733e+000	3.300733e-001
9.459999999999884e+000	3.300787e+000	3.300787e-001
9.479999999999883e+000	3.300841e+000	3.300841e-001
9.499999999999883e+000	3.300895e+000	3.300895e-001
9.519999999999882e+000	3.300949e+000	3.300949e-001
9.539999999999882e+000	3.301003e+000	3.301003e-001
9.559999999999882e+000	3.301057e+000	3.301057e-001
9.579999999999881e+000	3.301111e+000	3.301111e-001
9.599999999999881e+000	3.301165e+000	3.301165e-001
9.619999999999880e+000	3.301219e+000	3.301219e-001
9.639999999999880e+000	3.301273e+000	3.301273e-001
9.659999999999879e+000	3.301327e+000	3.301327e-001
9.679999999999879e+000	3.301380e+000	3.301380e-001
9.699999999999879e+000	3.301434e+000	3.301434e-001
9.719999999999878e+000	3.301488e+000	3.301488e-001
9.739999999999878e+000	3.301542e+000	3.301542e-001
9.759999999999877e+000	3.301595e+000	3.301595e-001
9.779999999999877e+000	3.301649e+000	3.301649e-001
9.799999999999876e+000	3.301703e+000	3.301703e-001
9.819999999999876e+000	3.301757e+000	3.301757e-001
9.839999999999876e+000	3.301811e+000	3.301811e-001
9.859999999999875e+000	3.301864e+000	3.301864e-001
9.879999999999875e+000	3.301918e+000	3.301918e-001
9.899999999999874e+000	3.301971e+000	3.301972e-001
9.919999999999874e+000	3.302025e+000	3.302025e-001
9.939999999999873e+000	3.302079e+000	3.302079e-001
9.959999999999873e+000	3.302132e+000	3.302132e-001
9.979999999999873e+000	3.302186e+000	3.302186e-001
9.999999999999872e+000	3.302240e+000	3.302240e-001
1.001999999999987e+001	3.302293e+000	3.302293e-001
1.003999999999987e+001	3.302347e+000	3.302347e-001
1.005999999999987e+001	3.302400e+000	3.302400e-001
1.007999999999987e+001	3.302454e+000	3.302454e-001
1.009999999999987e+001	3.302507e+000	3.302507e-001
1.011999999999987e+001	3.302561e+000	3.302561e-001
1.013999999999987e+001	3.302614e+000	3.302614e-001
1.015999999999987e+001	3.302668e+000	3.302668e-001
1.017999999999987e+001	3.302721e+000	3.302721e-001
1.019999999999987e+001	3.302775e+000	3.302775e-001
1.021999999999987e+001	3.302828e+000	3.302828e-001
1.023999999999987e+001	3.302882e+000	3.302882e-001
1.025999999999987e+001	3.302935e+000	3.302935e-001
1.027999999999987e+001	3.302989e+000	3.302988e-001
1.029999999999987e+001	3.303042e+000	3.303042e-001
1.031999999999987e+001	3.303095e+000	3.303095e-001
1.033999999999987e+001	3.303149e+000	3.303148e-001
1.035999999999986e+001	3.303202e+000	3.303202e-001
1.037999999999986e+001	3.303255e+000	3.303255e-001
1.039999999999986e+001	3.303308e+000	3.303308e-001
1.041999999999986e+001	3.303362e+000	3.303362e-001
1.043999999999986e+001	3.303415e+000	3.303415e-001
1.045999999999986e+001	3.303468e+000	3.303469e-001
1.047999999999986e+001	3.303522e+000	3.303522e-001
1.049999999999986e+001	3.303575e+000	3.303575e-001
1.051999999999986e+001	3.303628e+000	3.303628e-001
1.053999999999986e+001	3.303681e+000	3.303681e-001
1.055999999999986e+001	3.303735e+000	3.303735e-001
1.057999999999986e+001	3.303788e+000	3.303788e-001
1.059999999999986e+001	3.303841e+000	3.303841e-001
1.061999999999986e+001	3.303894e+000	3.303894e-001
1.063999999999986e+001	3.303947e+000	3.303947e-001
1.065999999999986e+001	3.304001e+000	3.304000e-001
1.067999999999986e+001	3.304054e+000	3.304054e-001
1.069999999999986e+001	3.304107e+000	3.304107e-001
1.071999999999986e+001	3.304160e+000	3.304160e-001
1.073999999999986e+001	3.304213e+000	3.304213e-001
1.075999999999986e+001	3.304266e+000	3.304266e-001
1.077999999999986e+001	3.304319e+000	3.304319e-001
1.079999999999986e+001	3.304372e+000	3.304372e-001
1.081999999999986e+001	3.304425e+000	3.304425e-001
1.083999999999985e+001	3.304478e+000	3.304478e-001
1.085999999999985e+001	3.304531e+000	3.304531e-001
1.087999999999985e+001	3.304584e+000	3.304584e-001
1.089999999999985e+001	3.304637e+000	3.304637e-001
1.091999999999985e+001	3.304690e+000	3.304690e-001
1.093999999999985e+001	3.304743e+000	3.304743e-001
1.095999999999985e+001	3.304796e+000	3.304796e-001
1.097999999999985e+001	3.304849e+000	3.304849e-001
1.099999999999985e+001	3.304902e+000	3.304902e-001
1.101999999999985e+001	3.304955e+000	3.304955e-001
1.103999999999985e+001	3.305008e+000	3.305008e-001
1.105999999999985e+001	3.305061e+000	3.305061e-001
1.107999999999985e+001	3.305114e+000	3.305114e-001
1.109999999999985e+001	3.305167e+000	3.305167e-001
1.111999999999985e+001	3.305220e+000	3.305220e-001
1.113999999999985e+001	3.305273e+000	3.305272e-001
1.115999999999985e+001	3.305325e+000	3.305326e-001
1.117999999999985e+001	3.305378e+000	3.305378e-001
1.119999999999985e+001	3.305431e+000	3.305431e-001
1.121999999999985e+001	3.305484e+000	3.305484e-001
1.123999999999985e+001	3.305537e+000	3.305537e-001
1.125999999999985e+001	3.305589e+000	3.305590e-001
1.127999999999985e+001	3.305642e+000	3.305642e-001
1.129999999999984e+001	3.305695e+000	3.305695e-001
1.131999999999984e+001	3.305748e+000	3.305748e-001
1.133999999999984e+001	3.305801e+000	3.305801e-001
1.135999999999984e+001	3.305853e+000	3.305853e-001
1.137999999999984e+001	3.305906e+000	3.305906e-001
1.139999999999984e+001	3.305959e+000	3.305959e-001
1.141999999999984e+001	3.306011e+000	3.306012e-001
1.143999999999984e+001	3.306064e+000	3.306064e-001
1.145999999999984e+001	3.306117e+000	3.306117e-001
1.147999999999984e+001	3.306170e+000	3.306170e-001
1.149999999999984e+001	3.306222e+000	3.306222e-001
1.151999999999984e+001	3.306275e+000	3.306275e-001
1.153999999999984e+001	3.306328e+000	3.306327e-001
1.155999999999984e+001	3.306380e+000	3.306380e-001
1.157999999999984e+001	3.306433e+000	3.306433e-001
1.159999999999984e+001	3.306485e+000	3.306485e-001
1.161999999999984e+001	3.306538e+000	3.306538e-001
1.163999999999984e+001	3.306591e+000	3.306591e-001
1.165999999999984e+001	3.306643e+000	3.306643e-001
1.167999999999984e+001	3.306696e+000	3.306696e-001
1.169999999999984e+001	3.306748e+000	3.306748e-001
1.171999999999984e+001	3.306801e+000	3.306801e-001
1.173999999999984e+001	3.306854e+000	3.306853e-001
1.175999999999984e+001	3.306906e+000	3.306906e-001
1.177999999999983e+001	3.306959e+000	3.306959e-001
1.179999999999983e+001	3.307011e+000	3.307011e-001
1.181999999999983e+001	3.307064e+000	3.307064e-001
1.183999999999983e+001	3.307116e+000	3.307116e-001
1.185999999999983e+001	3.307168e+000	3.307168e-001
1.187999999999983e+001	3.307221e+000	3.307221e-001
1.189999999999983e+001	3.307274e+000	3.307274e-001
1.191999999999983e+001	3.307326e+000	3.307326e-001
1.193999999999983e+001	3.307379e+000	3.307379e-001
1.195999999999983e+001	3.307431e+000	3.307431e-001
1.197999999999983e+001	3.307483e+000	3.307483e-001
1.199999999999983e+001	3.307536e+000	3.307536e-001
1.201999999999983e+001	3.307588e+000	3.307588e-001
1.203999999999983e+001	3.307641e+000	3.307641e-001
1.205999999999983e+001	3.307693e+000	3.307693e-001
1.207999999999983e+001	3.307745e+000	3.307745e-001
1.209999999999983e+001	3.307798e+000	3.307798e-001
1.211999999999983e+001	3.307850e+000	3.307850e-001
1.213999999999983e+001	3.307903e+000	3.307903e-001
1.215999999999983e+001	3.307955e+000	3.307955e-001
1.217999999999983e+001	3.308007e+000	3.308007e-001
1.219999999999983e+001	3.308059e+000	3.308060e-001
1.221999999999983e+001	3.308112e+000	3.308112e-001
1.223999999999982e+001	3.308164e+000	3.308164e-001
1.225999999999982e+001	3.308216e+000	3.308216e-001
1.227999999999982e+001	3.308269e+000	3.308269e-001
1.229999999999982e+001	3.308321e+000	3.308321e-001
1.231999999999982e+001	3.308373e+000	3.308373e-001
1.233999999999982e+001	3.308426e+000	3.308426e-001
1.235999999999982e+001	3.308478e+000	3.308478e-001
1.237999999999982e+001	3.308530e+000	3.308530e-001
1.239999999999982e+001	3.308582e+000	3.308582e-001
1.241999999999982e+001	3.308635e+000	3.308634e-001
1.243999999999982e+001	3.308687e+000	3.308687e-001
1.245999999999982e+001	3.308739e+000	3.308739e-001
1.247999999999982e+001	3.308791e+000	3.308791e-001
1.249999999999982e+001	3.308843e+000	3.308843e-001
1.251999999999982e+001	3.308896e+000	3.308896e-001
1.253999999999982e+001	3.308948e+000	3.308948e-001
1.255999999999982e+001	3.309000e+000	3.309000e-001
1.257999999999982e+001	3.309052e+000	3.309052e-001
1.259999999999982e+001	3.309104e+000	3.309104e-001
1.261999999999982e+001	3.309156e+000	3.309156e-001
1.263999999999982e+001	3.309209e+000	3.309208e-001
1.265999999999982e+001	3.309261e+000	3.309261e-001
1.267999999999982e+001	3.309313e+000	3.309313e-001
1.269999999999982e+001	3.309365e+000	3.309365e-001
1.271999999999981e+001	3.309417e+000	3.309417e-001
1.273999999999981e+001	3.309469e+000	3.309469e-001
1.275999999999981e+001	3.309521e+000	3.309521e-001
1.277999999999981e+001	3.309573e+000	3.309573e-001
1.279999999999981e+001	3.309625e+000	3.309625e-001
1.281999999999981e+001	3.309677e+000	3.309678e-001
1.283999999999981e+001	3.309730e+000	3.309729e-001
1.285999999999981e+001	3.309782e+000	3.309782e-001
1.287999999999981e+001	3.309834e+000	3.309834e-001
1.289999999999981e+001	3.309886e+000	3.309886e-001
1.291999999999981e+001	3.309938e+000	3.309938e-001
1.293999999999981e+001	3.309990e+000	3.309990e-001
1.295999999999981e+001	3.310042e+000	3.310042e-001
1.297999999999981e+001	3.310094e+000	3.310094e-001
1.299999999999981e+001	3.310146e+000	3.310146e-001
1.301999999999981e+001	3.310198e+000	3.310198e-001
1.303999999999981e+001	3.310250e+000	3.310250e-001
1.305999999999981e+001	3.310302e+000	3.310302e-001
1.307999999999981e+001	3.310354e+000	3.310353e-001
1.309999999999981e+001	3.310405e+000	3.310406e-001
1.311999999999981e+001	3.310457e+000	3.310457e-001
1.313999999999981e+001	3.310509e+000	3.310509e-001
1.315999999999981e+001	3.310561e+000	3.310561e-001
1.317999999999980e+001	3.310613e+000	3.310613e-001
1.319999999999980e+001	3.310665e+000	3.310665e-001
1.321999999999980e+001	3.310717e+000	3.310717e-001
1.323999999999980e+001	3.310769e+000	3.310769e-001
1.325999999999980e+001	3.310821e+000	3.310821e-001
1.327999999999980e+001	3.310873e+000	3.310873e-001
1.329999999999980e+001	3.310925e+000	3.310925e-001
1.331999999999980e+001	3.310977e+000	3.310977e-001
1.333999999999980e+001	3.311028e+000	3.311028e-001
1.335999999999980e+001	3.311080e+000	3.311080e-001
1.337999999999980e+001	3.311132e+000	3.311132e-001
1.339999999999980e+001	3.311184e+000	3.311184e-001
1.341999999999980e+001	3.311236e+000	3.311236e-001
1.343999999999980e+001	3.311288e+000	3.311287e-001
1.345999999999980e+001	3.311339e+000	3.311339e-001
1.347999999999980e+001	3.311391e+000	3.311391e-001
1.349999999999980e+001	3.311443e+000	3.311443e-001
1.351999999999980e+001	3.311495e+000	3.311495e-001
1.353999999999980e+001	3.311547e+000	3.311546e-001
1.355999999999980e+001	3.311598e+000	3.311598e-001
1.357999999999980e+001	3.311650e+000	3.311650e-001
1.359999999999980e+001	3.311702e+000	3.311702e-001
1.361999999999980e+001	3.311754e+000	3.311754e-001
1.363999999999980e+001	3.311805e+000	3.311805e-001
1.365999999999979e+001	3.311857e+000	3.311857e-001
1.367999999999979e+001	3.311909e+000	3.311909e-001
1.369999999999979e+001	3.311961e+000	3.311961e-001
1.371999999999979e+001	3.312012e+000	3.312012e-001
1.373999999999979e+001	3.312064e+000	3.312064e-001
1.375999999999979e+001	3.312116e+000	3.312116e-001
1.377999999999979e+001	3.312167e+000	3.312168e-001
1.379999999999979e+001	3.312219e+000	3.312219e-001
1.381999999999979e+001	3.312271e+000	3.312271e-001
1.383999999999979e+001	3.312323e+000	3.312322e-001
1.385999999999979e+001	3.312374e+000	3.312374e-001
1.387999999999979e+001	3.312426e+000	3.312426e-001
1.389999999999979e+001	3.312478e+000	3.312477e-001
1.391999999999979e+001	3.312529e+000	3.312529e-001
1.393999999999979e+001	3.312581e+000	3.312581e-001
1.395999999999979e+001	3.312633e+000	3.312632e-001
1.397999999999979e+001	3.312684e+000	3.312684e-001
1.399999999999979e+001	3.312736e+000	3.312736e-001
1.401999999999979e+001	3.312787e+000	3.312787e-001
1.403999999999979e+001	3.312839e+000	3.312839e-001
1.405999999999979e+001	3.312891e+000	3.312891e-001
1.407999999999979e+001	3.312942e+000	3.312942e-001
1.409999999999979e+001	3.312994e+000	3.312994e-001
1.411999999999978e+001	3.313046e+000	3.313046e-001
1.413999999999978e+001	3.313097e+000	3.313097e-001
1.415999999999978e+001	3.313148e+000	3.313149e-001
1.417999999999978e+001	3.313200e+000	3.313200e-001
1.419999999999978e+001	3.313252e+000	3.313252e-001
1.421999999999978e+001	3.313303e+000	3.313303e-001
1.423999999999978e+001	3.313355e+000	3.313355e-001
1.425999999999978e+001	3.313406e+000	3.313406e-001
1.427999999999978e+001	3.313458e+000	3.313458e-001
1.429999999999978e+001	3.313509e+000	3.313510e-001
1.431999999999978e+001	3.313561e+000	3.313561e-001
1.433999999999978e+001	3.313612e+000	3.313612e-001
1.435999999999978e+001	3.313664e+000	3.313664e-001
1.437999999999978e+001	3.313715e+000	3.313715e-001
1.439999999999978e+001	3.313767e+000	3.313767e-001
1.441999999999978e+001	3.313818e+000	3.313818e-001
1.443999999999978e+001	3.313870e+000	3.313870e-001
1.445999999999978e+001	3.313921e+000	3.313921e-001
1.447999999999978e+001	3.313973e+000	3.313973e-001
1.449999999999978e+001	3.314024e+000	3.314024e-001
1.451999999999978e+001	3.314076e+000	3.314076e-001
1.453999999999978e+001	3.314127e+000	3.314127e-001
1.455999999999978e+001	3.314179e+000	3.314179e-001
1.457999999999977e+001	3.314230e+000	3.314230e-001
1.459999999999977e+001	3.314281e+000	3.314281e-001
1.461999999999977e+001	3.314333e+000	3.314333e-001
1.463999999999977e+001	3.314384e+000	3.314385e-001
1.465999999999977e+001	3.314436e+000	3.314436e-001
1.467999999999977e+001	3.314487e+000	3.314487e-001
1.469999999999977e+001	3.314539e+000	3.314539e-001
1.471999999999977e+001	3.314590e+000	3.314590e-001
1.473999999999977e+001	3.314641e+000	3.314641e-001
1.475999999999977e+001	3.314693e+000	3.314693e-001
1.477999999999977e+001	3.314744e+000	3.314744e-001
1.479999999999977e+001	3.314795e+000	3.314795e-001
1.481999999999977e+001	3.314847e+000	3.314847e-001
1.483999999999977e+001	3.314898e+000	3.314898e-001
1.485999999999977e+001	3.314950e+000	3.314950e-001
1.487999999999977e+001	3.315001e+000	3.315001e-001
1.489999999999977e+001	3.315052e+000	3.315052e-001
1.491999999999977e+001	3.315104e+000	3.315104e-001
1.493999999999977e+001	3.315155e+000	3.315155e-001
1.495999999999977e+001	3.315206e+000	3.315206e-001
1.497999999999977e+001	3.315258e+000	3.315258e-001
1.499999999999977e+001	3.315309e+000	3.315309e-001
1.501999999999977e+001	3.315360e+000	3.315360e-001
1.503999999999977e+001	3.315412e+000	3.315412e-001
1.505999999999976e+001	3.315463e+000	3.315463e-001
1.507999999999976e+001	3.315514e+000	3.315514e-001
1.509999999999976e+001	3.315565e+000	3.315565e-001
1.511999999999976e+001	3.315617e+000	3.315617e-001
1.513999999999976e+001	3.315668e+000	3.315668e-001
1.515999999999976e+001	3.315719e+000	3.315719e-001
1.517999999999976e+001	3.315770e+000	3.315770e-001
1.519999999999976e+001	3.315822e+000	3.315822e-001
1.521999999999976e+001	3.315873e+000	3.315873e-001
1.523999999999976e+001	3.315924e+000	3.315924e-001
1.525999999999976e+001	3.315975e+000	3.315975e-001
1.527999999999976e+001	3.316027e+000	3.316027e-001
1.529999999999976e+001	3.316078e+000	3.316078e-001
1.531999999999976e+001	3.316129e+000	3.316129e-001
1.533999999999976e+001	3.316180e+000	3.316180e-001
1.535999999999976e+001	3.316231e+000	3.316231e-001
1.537999999999976e+001	3.316283e+000	3.316283e-001
1.539999999999976e+001	3.316334e+000	3.316334e-001
1.541999999999976e+001	3.316385e+000	3.316385e-001
1.543999999999976e+001	3.316436e+000	3.316436e-001
1.545999999999976e+001	3.316488e+000	3.316487e-001
1.547999999999976e+001	3.316539e+000	3.316539e-001
1.549999999999976e+001	3.316590e+000	3.316590e-001
1.551999999999975e+001	3.316641e+000	3.316641e-001
1.553999999999975e+001	3.316692e+000	3.316692e-001
1.555999999999975e+001	3.316743e+000	3.316743e-001
1.557999999999975e+001	3.316794e+000	3.316794e-001
1.559999999999975e+001	3.316846e+000	3.316846e-001
1.561999999999975e+001	3.316897e+000	3.316897e-001
1.563999999999975e+001	3.316948e+000	3.316948e-001
1.565999999999975e+001	3.316999e+000	3.316999e-001
1.567999999999975e+001	3.317050e+000	3.317050e-001
1.569999999999975e+001	3.317101e+000	3.317101e-001
1.571999999999975e+001	3.317152e+000	3.317152e-001
1.573999999999975e+001	3.317203e+000	3.317204e-001
1.575999999999975e+001	3.317255e+000	3.317254e-001
1.577999999999975e+001	3.317306e+000	3.317305e-001
1.579999999999975e+001	3.317357e+000	3.317357e-001
1.581999999999975e+001	3.317408e+000	3.317408e-001
1.583999999999975e+001	3.317459e+000	3.317459e-001
1.585999999999975e+001	3.317510e+000	3.317510e-001
1.587999999999975e+001	3.317561e+000	3.317561e-001
1.589999999999975e+001	3.317612e+000	3.317612e-001
1.591999999999975e+001	3.317663e+000	3.317663e-001
1.593999999999975e+001	3.317714e+000	3.317714e-001
1.595999999999975e+001	3.317765e+000	3.317765e-001
1.597999999999975e+001	3.317816e+000	3.317816e-001
1.599999999999974e+001	3.317867e+000	3.317867e-001
1.601999999999974e+001	3.317918e+000	3.317918e-001
1.603999999999974e+001	3.317969e+000	3.317969e-001
1.605999999999974e+001	3.318020e+000	3.318020e-001
1.607999999999974e+001	3.318071e+000	3.318071e-001
1.609999999999974e+001	3.318122e+000	3.318122e-001
1.611999999999974e+001	3.318173e+000	3.318173e-001
1.613999999999974e+001	3.318224e+000	3.318224e-001
1.615999999999974e+001	3.318275e+000	3.318275e-001
1.617999999999974e+001	3.318326e+000	3.318326e-001
1.619999999999974e+001	3.318377e+000	3.318377e-001
1.621999999999974e+001	3.318428e+000	3.318428e-001
1.623999999999974e+001	3.318479e+000	3.318479e-001
1.625999999999974e+001	3.318530e+000	3.318530e-001
1.627999999999974e+001	3.318581e+000	3.318581e-001
1.629999999999974e+001	3.318632e+000	3.318632e-001
1.631999999999974e+001	3.318683e+000	3.318683e-001
1.633999999999974e+001	3.318734e+000	3.318734e-001
1.635999999999974e+001	3.318785e+000	3.318785e-001
1.637999999999974e+001	3.318836e+000	3.318836e-001
1.639999999999974e+001	3.318887e+000	3.318887e-001
1.641999999999974e+001	3.318938e+000	3.318938e-001
1.643999999999974e+001	3.318989e+000	3.318989e-001
1.645999999999973e+001	3.319040e+000	3.319040e-001
1.647999999999973e+001	3.319091e+000	3.319091e-001
1.649999999999973e+001	3.319141e+000	3.319141e-001
1.651999999999973e+001	3.319192e+000	3.319192e-001
1.653999999999973e+001	3.319243e+000	3.319243e-001
1.655999999999973e+001	3.319294e+000	3.319294e-001
1.657999999999973e+001	3.319345e+000	3.319345e-001
1.659999999999973e+001	3.319396e+000	3.319396e-001
1.661999999999973e+001	3.319447e+000	3.319447e-001
1.663999999999973e+001	3.319498e+000	3.319498e-001
1.665999999999973e+001	3.319548e+000	3.319548e-001
1.667999999999973e+001	3.319599e+000	3.319599e-001
1.669999999999973e+001	3.319650e+000	3.319650e-001
1.671999999999973e+001	3.319701e+000	3.319701e-001
1.673999999999973e+001	3.319752e+000	3.319752e-001
1.675999999999973e+001	3.319803e+000	3.319803e-001
1.677999999999973e+001	3.319854e+000	3.319854e-001
1.679999999999973e+001	3.319904e+000	3.319905e-001
1.681999999999973e+001	3.319955e+000	3.319955e-001
1.683999999999973e+001	3.320006e+000	3.320006e-001
1.685999999999973e+001	3.320057e+000	3.320057e-001
1.687999999999973e+001	3.320108e+000	3.320108e-001
1.689999999999973e+001	3.320158e+000	3.320158e-001
1.691999999999973e+001	3.320209e+000	3.320209e-001
1.693999999999972e+001	3.320260e+000	3.320260e-001
1.695999999999972e+001	3.320311e+000	3.320311e-001
1.697999999999972e+001	3.320362e+000	3.320362e-001
1.699999999999972e+001	3.320412e+000	3.320412e-001
1.701999999999972e+001	3.320463e+000	3.320463e-001
1.703999999999972e+001	3.320514e+000	3.320514e-001
1.705999999999972e+001	3.320565e+000	3.320565e-001
1.707999999999972e+001	3.320616e+000	3.320616e-001
1.709999999999972e+001	3.320666e+000	3.320666e-001
1.711999999999972e+001	3.320717e+000	3.320717e-001
1.713999999999972e+001	3.320768e+000	3.320768e-001
1.715999999999972e+001	3.320819e+000	3.320819e-001
1.717999999999972e+001	3.320869e+000	3.320869e-001
1.719999999999972e+001	3.320920e+000	3.320920e-001
1.721999999999972e+001	3.320971e+000	3.320971e-001
1.723999999999972e+001	3.321022e+000	3.321021e-001
1.725999999999972e+001	3.321072e+000	3.321072e-001
1.727999999999972e+001	3.321123e+000	3.321123e-001
1.729999999999972e+001	3.321174e+000	3.321174e-001
1.731999999999972e+001	3.321224e+000	3.321224e-001
1.733999999999972e+001	3.321275e+000	3.321275e-001
1.735999999999972e+001	3.321326e+000	3.321326e-001
1.737999999999972e+001	3.321377e+000	3.321376e-001
1.739999999999971e+001	3.321427e+000	3.321427e-001
1.741999999999971e+001	3.321478e+000	3.321478e-001
1.743999999999971e+001	3.321529e+000	3.321529e-001
1.745999999999971e+001	3.321579e+000	3.321579e-001
1.747999999999971e+001	3.321630e+000	3.321630e-001
1.749999999999971e+001	3.321681e+000	3.321681e-001
1.751999999999971e+001	3.321731e+000	3.321731e-001
1.753999999999971e+001	3.321782e+000	3.321782e-001
1.755999999999971e+001	3.321833e+000	3.321833e-001
1.757999999999971e+001	3.321883e+000	3.321883e-001
1.759999999999971e+001	3.321934e+000	3.321934e-001
1.761999999999971e+001	3.321985e+000	3.321984e-001
1.763999999999971e+001	3.322035e+000	3.322035e-001
1.765999999999971e+001	3.322086e+000	3.322086e-001
1.767999999999971e+001	3.322136e+000	3.322136e-001
1.769999999999971e+001	3.322187e+000	3.322187e-001
1.771999999999971e+001	3.322238e+000	3.322238e-001
1.773999999999971e+001	3.322288e+000	3.322288e-001
1.775999999999971e+001	3.322339e+000	3.322339e-001
1.777999999999971e+001	3.322390e+000	3.322389e-001
1.779999999999971e+001	3.322440e+000	3.322440e-001
1.781999999999971e+001	3.322491e+000	3.322491e-001
1.783999999999971e+001	3.322541e+000	3.322541e-001
1.785999999999971e+001	3.322592e+000	3.322592e-001
1.787999999999970e+001	3.322643e+000	3.322642e-001
1.789999999999970e+001	3.322693e+000	3.322693e-001
1.791999999999970e+001	3.322744e+000	3.322744e-001
1.793999999999970e+001	3.322794e+000	3.322794e-001
1.795999999999970e+001	3.322845e+000	3.322845e-001
1.797999999999970e+001	3.322895e+000	3.322895e-001
1.799999999999970e+001	3.322946e+000	3.322946e-001
1.801999999999970e+001	3.322997e+000	3.322996e-001
1.803999999999970e+001	3.323047e+000	3.323047e-001
1.805999999999970e+001	3.323098e+000	3.323098e-001
1.807999999999970e+001	3.323148e+000	3.323148e-001
1.809999999999970e+001	3.323199e+000	3.323199e-001
1.811999999999970e+001	3.323249e+000	3.323249e-001
1.813999999999970e+001	3.323300e+000	3.323300e-001
1.815999999999970e+001	3.323350e+000	3.323350e-001
1.817999999999970e+001	3.323401e+000	3.323401e-001
1.819999999999970e+001	3.323451e+000	3.323451e-001
1.821999999999970e+001	3.323502e+000	3.323502e-001
1.823999999999970e+001	3.323552e+000	3.323552e-001
1.825999999999970e+001	3.323603e+000	3.323603e-001
1.827999999999970e+001	3.323653e+000	3.323653e-001
1.829999999999970e+001	3.323704e+000	3.323704e-001
1.831999999999970e+001	3.323754e+000	3.323754e-001
1.833999999999969e+001	3.323805e+000	3.323805e-001
1.835999999999969e+001	3.323855e+000	3.323855e-001
1.837999999999969e+001	3.323906e+000	3.323906e-001
1.839999999999969e+001	3.323956e+000	3.323956e-001
1.841999999999969e+001	3.324007e+000	3.324007e-001
1.843999999999969e+001	3.324057e+000	3.324057e-001
1.845999999999969e+001	3.324108e+000	3.324108e-001
1.847999999999969e+001	3.324158e+000	3.324158e-001
1.849999999999969e+001	3.324209e+000	3.324209e-001
1.851999999999969e+001	3.324259e+000	3.324259e-001
1.853999999999969e+001	3.324310e+000	3.324310e-001
1.855999999999969e+001	3.324360e+000	3.324360e-001
1.857999999999969e+001	3.324410e+000	3.324410e-001
1.859999999999969e+001	3.324461e+000	3.324461e-001
1.861999999999969e+001	3.324511e+000	3.324511e-001
1.863999999999969e+001	3.324562e+000	3.324562e-001
1.865999999999969e+001	3.324612e+000	3.324612e-001
1.867999999999969e+001	3.324663e+000	3.324662e-001
1.869999999999969e+001	3.324713e+000	3.324713e-001
1.871999999999969e+001	3.324763e+000	3.324763e-001
1.873999999999969e+001	3.324814e+000	3.324814e-001
1.875999999999969e+001	3.324864e+000	3.324864e-001
1.877999999999969e+001	3.324915e+000	3.324915e-001
1.879999999999969e+001	3.324965e+000	3.324965e-001
1.881999999999968e+001	3.325015e+000	3.325015e-001
1.883999999999968e+001	3.325066e+000	3.325066e-001
1.885999999999968e+001	3.325116e+000	3.325116e-001
1.887999999999968e+001	3.325166e+000	3.325167e-001
1.889999999999968e+001	3.325217e+000	3.325217e-001
1.891999999999968e+001	3.325267e+000	3.325267e-001
1.893999999999968e+001	3.325318e+000	3.325318e-001
1.895999999999968e+001	3.325368e+000	3.325368e-001
1.897999999999968e+001	3.325418e+000	3.325419e-001
1.899999999999968e+001	3.325469e+000	3.325469e-001
1.901999999999968e+001	3.325519e+000	3.325519e-001
1.903999999999968e+001	3.325569e+000	3.325569e-001
1.905999999999968e+001	3.325620e+000	3.325620e-001
1.907999999999968e+001	3.325670e+000	3.325670e-001
1.909999999999968e+001	3.325721e+000	3.325720e-001
1.911999999999968e+001	3.325771e+000	3.325771e-001
1.913999999999968e+001	3.325821e+000	3.325821e-001
1.915999999999968e+001	3.325871e+000	3.325872e-001
1.917999999999968e+001	3.325922e+000	3.325922e-001
1.919999999999968e+001	3.325972e+000	3.325972e-001
1.921999999999968e+001	3.326022e+000	3.326022e-001
1.923999999999968e+001	3.326073e+000	3.326073e-001
1.925999999999968e+001	3.326123e+000	3.326123e-001
1.927999999999967e+001	3.326173e+000	3.326173e-001
1.929999999999967e+001	3.326224e+000	3.326224e-001
1.931999999999967e+001	3.326274e+000	3.326274e-001
1.933999999999967e+001	3.326324e+000	3.326324e-001
1.935999999999967e+001	3.326375e+000	3.326375e-001
1.937999999999967e+001	3.326425e+000	3.326425e-001
1.939999999999967e+001	3.326475e+000	3.326475e-001
1.941999999999967e+001	3.326525e+000	3.326525e-001
1.943999999999967e+001	3.326576e+000	3.326576e-001
1.945999999999967e+001	3.326626e+000	3.326626e-001
1.947999999999967e+001	3.326676e+000	3.326676e-001
1.949999999999967e+001	3.326726e+000	3.326727e-001
1.951999999999967e+001	3.326777e+000	3.326777e-001
1.953999999999967e+001	3.326827e+000	3.326827e-001
1.955999999999967e+001	3.326877e+000	3.326877e-001
1.957999999999967e+001	3.326927e+000	3.326927e-001
1.959999999999967e+001	3.326978e+000	3.326978e-001
1.961999999999967e+001	3.327028e+000	3.327028e-001
1.963999999999967e+001	3.327078e+000	3.327078e-001
1.965999999999967e+001	3.327128e+000	3.327128e-001
1.967999999999967e+001	3.327179e+000	3.327179e-001
1.969999999999967e+001	3.327229e+000	3.327229e-001
1.971999999999967e+001	3.327279e+000	3.327279e-001
1.973999999999966e+001	3.327329e+000	3.327329e-001
1.975999999999966e+001	3.327379e+000	3.327380e-001
1.977999999999966e+001	3.327430e+000	3.327430e-001
1.979999999999966e+001	3.327480e+000	3.327480e-001
1.981999999999966e+001	3.327530e+000	3.327530e-001
1.983999999999966e+001	3.327580e+000	3.327580e-001
1.985999999999966e+001	3.327631e+000	3.327630e-001
1.987999999999966e+001	3.327681e+000	3.327681e-001
1.989999999999966e+001	3.327731e+000	3.327731e-001
1.991999999999966e+001	3.327781e+000	3.327781e-001
1.993999999999966e+001	3.327831e+000	3.327831e-001
1.995999999999966e+001	3.327882e+000	3.327881e-001
1.997999999999966e+001	3.327932e+000	3.327932e-001
1.999999999999966e+001	3.327982e+000	3.327982e-001
2.001999999999966e+001	3.328032e+000	3.328032e-001
2.003999999999966e+001	3.328082e+000	3.328082e-001
2.005999999999966e+001	3.328132e+000	3.328132e-001
2.007999999999966e+001	3.328182e+000	3.328182e-001
2.009999999999966e+001	3.328233e+000	3.328233e-001
2.011999999999966e+001	3.328283e+000	3.328283e-001
2.013999999999966e+001	3.328333e+000	3.328333e-001
2.015999999999966e+001	3.328383e+000	3.328383e-001
2.017999999999966e+001	3.328433e+000	3.328433e-001
2.019999999999966e+001	3.328483e+000	3.328483e-001
2.021999999999965e+001	3.328533e+000	3.328533e-001
2.023999999999965e+001	3.328583e+000	3.328584e-001
2.025999999999965e+001	3.328634e+000	3.328634e-001
2.027999999999965e+001	3.328684e+000	3.328684e-001
2.029999999999965e+001	3.328734e+000	3.328734e-001
2.031999999999965e+001	3.328784e+000	3.328784e-001
2.033999999999965e+001	3.328834e+000	3.328834e-001
2.035999999999965e+001	3.328884e+000	3.328884e-001
2.037999999999965e+001	3.328934e+000	3.328934e-001
2.039999999999965e+001	3.328984e+000	3.328984e-001
2.041999999999965e+001	3.329035e+000	3.329034e-001
2.043999999999965e+001	3.329085e+000	3.329085e-001
2.045999999999965e+001	3.329135e+000	3.329135e-001
2.047999999999965e+001	3.329185e+000	3.329185e-001
2.049999999999965e+001	3.329235e+000	3.329235e-001
2.051999999999965e+001	3.329285e+000	3.329285e-001
2.053999999999965e+001	3.329335e+000	3.329335e-001
2.055999999999965e+001	3.329385e+000	3.329385e-001
2.057999999999965e+001	3.329435e+000	3.329435e-001
2.059999999999965e+001	3.329485e+000	3.329485e-001
2.061999999999965e+001	3.329535e+000	3.329535e-001
2.063999999999965e+001	3.329585e+000	3.329585e-001
2.065999999999965e+001	3.329635e+000	3.329636e-001
2.067999999999964e+001	3.329685e+000	3.329686e-001
2.069999999999964e+001	3.329736e+000	3.329736e-001
2.071999999999964e+001	3.329786e+000	3.329786e-001
2.073999999999964e+001	3.329836e+000	3.329836e-001
2.075999999999964e+001	3.329886e+000	3.329886e-001
2.077999999999964e+001	3.329936e+000	3.329936e-001
2.079999999999964e+001	3.329986e+000	3.329986e-001
2.081999999999964e+001	3.330036e+000	3.330036e-001
2.083999999999964e+001	3.330086e+000	3.330086e-001
2.085999999999964e+001	3.330136e+000	3.330136e-001
2.087999999999964e+001	3.330186e+000	3.330186e-001
2.089999999999964e+001	3.330236e+000	3.330236e-001
2.091999999999964e+001	3.330286e+000	3.330286e-001
2.093999999999964e+001	3.330336e+000	3.330336e-001
2.095999999999964e+001	3.330386e+000	3.330386e-001
2.097999999999964e+001	3.330436e+000	3.330436e-001
2.099999999999964e+001	3.330486e+000	3.330486e-001
2.101999999999964e+001	3.330536e+000	3.330536e-001
2.103999999999964e+001	3.330586e+000	3.330586e-001
2.105999999999964e+001	3.330636e+000	3.330636e-001
2.107999999999964e+001	3.330686e+000	3.330686e-001
2.109999999999964e+001	3.330736e+000	3.330736e-001
2.111999999999964e+001	3.330786e+000	3.330786e-001
2.113999999999964e+001	3.330836e+000	3.330836e-001
2.115999999999963e+001	3.330886e+000	3.330886e-001
2.117999999999963e+001	3.330936e+000	3.330936e-001
2.119999999999963e+001	3.330986e+000	3.330986e-001
2.121999999999963e+001	3.331036e+000	3.331036e-001
2.123999999999963e+001	3.331086e+000	3.331086e-001
2.125999999999963e+001	3.331136e+000	3.331136e-001
2.127999999999963e+001	3.331186e+000	3.331186e-001
2.129999999999963e+001	3.331235e+000	3.331235e-001
2.131999999999963e+001	3.331285e+000	3.331285e-001
2.133999999999963e+001	3.331335e+000	3.331335e-001
2.135999999999963e+001	3.331385e+000	3.331385e-001
2.137999999999963e+001	3.331435e+000	3.331435e-001
2.139999999999963e+001	3.331485e+000	3.331485e-001
2.141999999999963e+001	3.331535e+000	3.331535e-001
2.143999999999963e+001	3.331585e+000	3.331585e-001
2.145999999999963e+001	3.331635e+000	3.331635e-001
2.147999999999963e+001	3.331685e+000	3.331685e-001
2.149999999999963e+001	3.331735e+000	3.331735e-001
2.151999999999963e+001	3.331785e+000	3.331785e-001
2.153999999999963e+001	3.331835e+000	3.331835e-001
2.155999999999963e+001	3.331884e+000	3.331884e-001
2.157999999999963e+001	3.331934e+000	3.331935e-001
2.159999999999963e+001	3.331984e+000	3.331984e-001
2.161999999999962e+001	3.332034e+000	3.332034e-001
2.163999999999962e+001	3.332084e+000	3.332084e-001
2.165999999999962e+001	3.332134e+000	3.332134e-001
2.167999999999962e+001	3.332184e+000	3.332184e-001
2.169999999999962e+001	3.332234e+000	3.332234e-001
2.171999999999962e+001	3.332283e+000	3.332283e-001
2.173999999999962e+001	3.332334e+000	3.332334e-001
2.175999999999962e+001	3.332383e+000	3.332383e-001
2.177999999999962e+001	3.332433e+000	3.332433e-001
2.179999999999962e+001	3.332483e+000	3.332483e-001
2.181999999999962e+001	3.332533e+000	3.332533e-001
2.183999999999962e+001	3.332583e+000	3.332583e-001
2.185999999999962e+001	3.332633e+000	3.332633e-001
2.187999999999962e+001	3.332683e+000	3.332683e-001
2.189999999999962e+001	3.332732e+000	3.332732e-001
2.191999999999962e+001	3.332782e+000	3.332782e-001
2.193999999999962e+001	3.332832e+000	3.332832e-001
2.195999999999962e+001	3.332882e+000	3.332882e-001
2.197999999999962e+001	3.332932e+000	3.332932e-001
2.199999999999962e+001	3.332982e+000	3.332981e-001
2.201999999999962e+001	3.333031e+000	3.333032e-001
2.203999999999962e+001	3.333081e+000	3.333081e-001
2.205999999999962e+001	3.333131e+000	3.333131e-001
2.207999999999962e+001	3.333181e+000	3.333181e-001
2.209999999999961e+001	3.333231e+000	3.333231e-001
2.211999999999961e+001	3.333281e+000	3.333281e-001
2.213999999999961e+001	3.333330e+000	3.333330e-001
2.215999999999961e+001	3.333380e+000	3.333380e-001
2.217999999999961e+001	3.333430e+000	3.333430e-001
2.219999999999961e+001	3.333480e+000	3.333480e-001
2.221999999999961e+001	3.333530e+000	3.333530e-001
2.223999999999961e+001	3.333579e+000	3.333579e-001
2.225999999999961e+001	3.333629e+000	3.333629e-001
2.227999999999961e+001	3.333679e+000	3.333679e-001
2.229999999999961e+001	3.333729e+000	3.333729e-001
2.231999999999961e+001	3.333779e+000	3.333779e-001
2.233999999999961e+001	3.333828e+000	3.333828e-001
2.235999999999961e+001	3.333878e+000	3.333878e-001
2.237999999999961e+001	3.333928e+000	3.333928e-001
2.239999999999961e+001	3.333978e+000	3.333978e-001
2.241999999999961e+001	3.334028e+000	3.334028e-001
2.243999999999961e+001	3.334077e+000	3.334077e-001
2.245999999999961e+001	3.334127e+000	3.334127e-001
2.247999999999961e+001	3.334177e+000	3.334177e-001
2.249999999999961e+001	3.334227e+000	3.334227e-001
2.251999999999961e+001	3.334276e+000	3.334276e-001
2.253999999999961e+001	3.334326e+000	3.334326e-001
2.255999999999960e+001	3.334376e+000	3.334376e-001
2.257999999999960e+001	3.334425e+000	3.334425e-001
2.259999999999960e+001	3.334475e+000	3.334475e-001
2.261999999999960e+001	3.334525e+000	3.334525e-001
2.263999999999960e+001	3.334575e+000	3.334575e-001
2.265999999999960e+001	3.334625e+000	3.334624e-001
2.267999999999960e+001	3.334674e+000	3.334674e-001
2.269999999999960e+001	3.334724e+000	3.334724e-001
2.271999999999960e+001	3.334774e+000	3.334774e-001
2.273999999999960e+001	3.334823e+000	3.334823e-001
2.275999999999960e+001	3.334873e+000	3.334873e-001
2.277999999999960e+001	3.334923e+000	3.334923e-001
2.279999999999960e+001	3.334973e+000	3.334973e-001
2.281999999999960e+001	3.335022e+000	3.335022e-001
2.283999999999960e+001	3.335072e+000	3.335072e-001
2.285999999999960e+001	3.335122e+000	3.335122e-001
2.287999999999960e+001	3.335171e+000	3.335171e-001
2.289999999999960e+001	3.335221e+000	3.335221e-001
2.291999999999960e+001	3.335271e+000	3.335271e-001
2.293999999999960e+001	3.335320e+000	3.335320e-001
2.295999999999960e+001	3.335370e+000	3.335370e-001
2.297999999999960e+001	3.335420e+000	3.335420e-001
2.299999999999960e+001	3.335469e+000	3.335470e-001
2.301999999999960e+001	3.335519e+000	3.335519e-001
2.303999999999959e+001	3.335569e+000	3.335569e-001
2.305999999999959e+001	3.335618e+000	3.335619e-001
2.307999999999959e+001	3.335668e+000	3.335668e-001
2.309999999999959e+001	3.335718e+000	3.335718e-001
2.311999999999959e+001	3.335768e+000	3.335768e-001
2.313999999999959e+001	3.335817e+000	3.335817e-001
2.315999999999959e+001	3.335867e+000	3.335867e-001
2.317999999999959e+001	3.335917e+000	3.335917e-001
2.319999999999959e+001	3.335966e+000	3.335966e-001
2.321999999999959e+001	3.336016e+000	3.336016e-001
2.323999999999959e+001	3.336066e+000	3.336065e-001
2.325999999999959e+001	3.336115e+000	3.336115e-001
2.327999999999959e+001	3.336165e+000	3.336165e-001
2.329999999999959e+001	3.336215e+000	3.336214e-001
2.331999999999959e+001	3.336264e+000	3.336264e-001
2.333999999999959e+001	3.336314e+000	3.336314e-001
2.335999999999959e+001	3.336363e+000	3.336363e-001
2.337999999999959e+001	3.336413e+000	3.336413e-001
2.339999999999959e+001	3.336463e+000	3.336463e-001
2.341999999999959e+001	3.336512e+000	3.336512e-001
2.343999999999959e+001	3.336562e+000	3.336562e-001
2.345999999999959e+001	3.336612e+000	3.336611e-001
2.347999999999959e+001	3.336661e+000	3.336661e-001
2.349999999999958e+001	3.336711e+000	3.336711e-001
2.351999999999958e+001	3.336760e+000	3.336760e-001
2.353999999999958e+001	3.336810e+000	3.336810e-001
2.355999999999958e+001	3.336859e+000	3.336860e-001
2.357999999999958e+001	3.336909e+000	3.336909e-001
2.359999999999958e+001	3.336959e+000	3.336959e-001
2.361999999999958e+001	3.337008e+000	3.337008e-001
2.363999999999958e+001	3.337058e+000	3.337058e-001
2.365999999999958e+001	3.337107e+000	3.337108e-001
2.367999999999958e+001	3.337157e+000	3.337157e-001
2.369999999999958e+001	3.337207e+000	3.337207e-001
2.371999999999958e+001	3.337256e+000	3.337256e-001
2.373999999999958e+001	3.337306e+000	3.337306e-001
2.375999999999958e+001	3.337355e+000	3.337356e-001
2.377999999999958e+001	3.337405e+000	3.337405e-001
2.379999999999958e+001	3.337455e+000	3.337454e-001
2.381999999999958e+001	3.337504e+000	3.337504e-001
2.383999999999958e+001	3.337554e+000	3.337554e-001
2.385999999999958e+001	3.337603e+000	3.337603e-001
2.387999999999958e+001	3.337653e+000	3.337653e-001
2.389999999999958e+001	3.337703e+000	3.337702e-001
2.391999999999958e+001	3.337752e+000	3.337752e-001
2.393999999999958e+001	3.337801e+000	3.337801e-001
2.395999999999958e+001	3.337851e+000	3.337851e-001
2.397999999999957e+001	3.337901e+000	3.337901e-001
2.400000000000000e+001	3.337950e+000	3.337950e-001
