vreg1	V(vo)
4.000000000000000e+000	3.079630e+000
4.020000000000000e+000	3.097566e+000
4.039999999999999e+000	3.115398e+000
4.059999999999999e+000	3.133097e+000
4.079999999999998e+000	3.150630e+000
4.099999999999998e+000	3.167956e+000
4.119999999999997e+000	3.185020e+000
4.139999999999997e+000	3.201754e+000
4.159999999999997e+000	3.218070e+000
4.179999999999996e+000	3.233849e+000
4.199999999999996e+000	3.248927e+000
4.219999999999995e+000	3.263070e+000
4.239999999999995e+000	3.275952e+000
4.259999999999995e+000	3.287148e+000
4.279999999999994e+000	3.296207e+000
4.299999999999994e+000	3.302873e+000
4.319999999999993e+000	3.307312e+000
4.339999999999993e+000	3.310036e+000
4.359999999999992e+000	3.311621e+000
4.379999999999992e+000	3.312522e+000
4.399999999999992e+000	3.313037e+000
4.419999999999991e+000	3.313343e+000
4.439999999999991e+000	3.313538e+000
4.459999999999990e+000	3.313673e+000
4.479999999999990e+000	3.313776e+000
4.499999999999989e+000	3.313863e+000
4.519999999999989e+000	3.313941e+000
4.539999999999989e+000	3.314013e+000
4.559999999999988e+000	3.314083e+000
4.579999999999988e+000	3.314151e+000
4.599999999999987e+000	3.314219e+000
4.619999999999987e+000	3.314285e+000
4.639999999999986e+000	3.314352e+000
4.659999999999986e+000	3.314418e+000
4.679999999999986e+000	3.314484e+000
4.699999999999985e+000	3.314550e+000
4.719999999999985e+000	3.314615e+000
4.739999999999984e+000	3.314681e+000
4.759999999999984e+000	3.314746e+000
4.779999999999983e+000	3.314811e+000
4.799999999999983e+000	3.314877e+000
4.819999999999983e+000	3.314942e+000
4.839999999999982e+000	3.315006e+000
4.859999999999982e+000	3.315071e+000
4.879999999999981e+000	3.315136e+000
4.899999999999981e+000	3.315200e+000
4.919999999999980e+000	3.315265e+000
4.939999999999980e+000	3.315329e+000
4.959999999999980e+000	3.315393e+000
4.979999999999979e+000	3.315457e+000
4.999999999999979e+000	3.315521e+000
5.019999999999978e+000	3.315585e+000
5.039999999999978e+000	3.315648e+000
5.059999999999977e+000	3.315712e+000
5.079999999999977e+000	3.315775e+000
5.099999999999977e+000	3.315839e+000
5.119999999999976e+000	3.315902e+000
5.139999999999976e+000	3.315965e+000
5.159999999999975e+000	3.316028e+000
5.179999999999975e+000	3.316091e+000
5.199999999999974e+000	3.316154e+000
5.219999999999974e+000	3.316217e+000
5.239999999999974e+000	3.316280e+000
5.259999999999973e+000	3.316342e+000
5.279999999999973e+000	3.316405e+000
5.299999999999972e+000	3.316467e+000
5.319999999999972e+000	3.316529e+000
5.339999999999971e+000	3.316592e+000
5.359999999999971e+000	3.316654e+000
5.379999999999971e+000	3.316716e+000
5.399999999999970e+000	3.316778e+000
5.419999999999970e+000	3.316839e+000
5.439999999999969e+000	3.316901e+000
5.459999999999969e+000	3.316963e+000
5.479999999999969e+000	3.317024e+000
5.499999999999968e+000	3.317086e+000
5.519999999999968e+000	3.317147e+000
5.539999999999967e+000	3.317209e+000
5.559999999999967e+000	3.317270e+000
5.579999999999966e+000	3.317331e+000
5.599999999999966e+000	3.317392e+000
5.619999999999966e+000	3.317453e+000
5.639999999999965e+000	3.317514e+000
5.659999999999965e+000	3.317575e+000
5.679999999999964e+000	3.317636e+000
5.699999999999964e+000	3.317697e+000
5.719999999999963e+000	3.317758e+000
5.739999999999963e+000	3.317818e+000
5.759999999999963e+000	3.317879e+000
5.779999999999962e+000	3.317939e+000
5.799999999999962e+000	3.317999e+000
5.819999999999961e+000	3.318060e+000
5.839999999999961e+000	3.318120e+000
5.859999999999960e+000	3.318180e+000
5.879999999999960e+000	3.318240e+000
5.899999999999960e+000	3.318300e+000
5.919999999999959e+000	3.318360e+000
5.939999999999959e+000	3.318420e+000
5.959999999999958e+000	3.318480e+000
5.979999999999958e+000	3.318540e+000
5.999999999999957e+000	3.318599e+000
6.019999999999957e+000	3.318659e+000
6.039999999999957e+000	3.318719e+000
6.059999999999956e+000	3.318778e+000
6.079999999999956e+000	3.318838e+000
6.099999999999955e+000	3.318897e+000
6.119999999999955e+000	3.318957e+000
6.139999999999954e+000	3.319016e+000
6.159999999999954e+000	3.319075e+000
6.179999999999954e+000	3.319134e+000
6.199999999999953e+000	3.319193e+000
6.219999999999953e+000	3.319252e+000
6.239999999999952e+000	3.319311e+000
6.259999999999952e+000	3.319371e+000
6.279999999999951e+000	3.319429e+000
6.299999999999951e+000	3.319488e+000
6.319999999999951e+000	3.319547e+000
6.339999999999950e+000	3.319606e+000
6.359999999999950e+000	3.319664e+000
6.379999999999949e+000	3.319723e+000
6.399999999999949e+000	3.319782e+000
6.419999999999948e+000	3.319840e+000
6.439999999999948e+000	3.319899e+000
6.459999999999948e+000	3.319957e+000
6.479999999999947e+000	3.320015e+000
6.499999999999947e+000	3.320074e+000
6.519999999999946e+000	3.320132e+000
6.539999999999946e+000	3.320190e+000
6.559999999999945e+000	3.320248e+000
6.579999999999945e+000	3.320307e+000
6.599999999999945e+000	3.320365e+000
6.619999999999944e+000	3.320423e+000
6.639999999999944e+000	3.320481e+000
6.659999999999943e+000	3.320539e+000
6.679999999999943e+000	3.320597e+000
6.699999999999942e+000	3.320654e+000
6.719999999999942e+000	3.320712e+000
6.739999999999942e+000	3.320770e+000
6.759999999999941e+000	3.320828e+000
6.779999999999941e+000	3.320885e+000
6.799999999999940e+000	3.320943e+000
6.819999999999940e+000	3.321001e+000
6.839999999999940e+000	3.321058e+000
6.859999999999939e+000	3.321116e+000
6.879999999999939e+000	3.321173e+000
6.899999999999938e+000	3.321231e+000
6.919999999999938e+000	3.321288e+000
6.939999999999937e+000	3.321345e+000
6.959999999999937e+000	3.321403e+000
6.979999999999937e+000	3.321460e+000
6.999999999999936e+000	3.321517e+000
7.019999999999936e+000	3.321574e+000
7.039999999999935e+000	3.321631e+000
7.059999999999935e+000	3.321689e+000
7.079999999999934e+000	3.321746e+000
7.099999999999934e+000	3.321803e+000
7.119999999999934e+000	3.321860e+000
7.139999999999933e+000	3.321917e+000
7.159999999999933e+000	3.321974e+000
7.179999999999932e+000	3.322031e+000
7.199999999999932e+000	3.322087e+000
7.219999999999931e+000	3.322144e+000
7.239999999999931e+000	3.322201e+000
7.259999999999931e+000	3.322258e+000
7.279999999999930e+000	3.322315e+000
7.299999999999930e+000	3.322371e+000
7.319999999999929e+000	3.322428e+000
7.339999999999929e+000	3.322484e+000
7.359999999999928e+000	3.322541e+000
7.379999999999928e+000	3.322598e+000
7.399999999999928e+000	3.322654e+000
7.419999999999927e+000	3.322711e+000
7.439999999999927e+000	3.322767e+000
7.459999999999926e+000	3.322823e+000
7.479999999999926e+000	3.322880e+000
7.499999999999925e+000	3.322936e+000
7.519999999999925e+000	3.322992e+000
7.539999999999925e+000	3.323049e+000
7.559999999999924e+000	3.323105e+000
7.579999999999924e+000	3.323161e+000
7.599999999999923e+000	3.323217e+000
7.619999999999923e+000	3.323273e+000
7.639999999999922e+000	3.323329e+000
7.659999999999922e+000	3.323385e+000
7.679999999999922e+000	3.323442e+000
7.699999999999921e+000	3.323498e+000
7.719999999999921e+000	3.323554e+000
7.739999999999920e+000	3.323610e+000
7.759999999999920e+000	3.323666e+000
7.779999999999919e+000	3.323721e+000
7.799999999999919e+000	3.323777e+000
7.819999999999919e+000	3.323833e+000
7.839999999999918e+000	3.323889e+000
7.859999999999918e+000	3.323945e+000
7.879999999999917e+000	3.324001e+000
7.899999999999917e+000	3.324056e+000
7.919999999999916e+000	3.324112e+000
7.939999999999916e+000	3.324168e+000
7.959999999999916e+000	3.324223e+000
7.979999999999915e+000	3.324279e+000
7.999999999999915e+000	3.324335e+000
8.019999999999914e+000	3.324390e+000
8.039999999999914e+000	3.324446e+000
8.059999999999914e+000	3.324501e+000
8.079999999999913e+000	3.324557e+000
8.099999999999913e+000	3.324612e+000
8.119999999999912e+000	3.324668e+000
8.139999999999912e+000	3.324723e+000
8.159999999999911e+000	3.324778e+000
8.179999999999911e+000	3.324834e+000
8.199999999999911e+000	3.324889e+000
8.219999999999910e+000	3.324944e+000
8.239999999999910e+000	3.325000e+000
8.259999999999909e+000	3.325055e+000
8.279999999999909e+000	3.325110e+000
8.299999999999908e+000	3.325166e+000
8.319999999999908e+000	3.325221e+000
8.339999999999908e+000	3.325276e+000
8.359999999999907e+000	3.325331e+000
8.379999999999907e+000	3.325386e+000
8.399999999999906e+000	3.325441e+000
8.419999999999906e+000	3.325496e+000
8.439999999999905e+000	3.325551e+000
8.459999999999905e+000	3.325606e+000
8.479999999999905e+000	3.325661e+000
8.499999999999904e+000	3.325716e+000
8.519999999999904e+000	3.325771e+000
8.539999999999903e+000	3.325826e+000
8.559999999999903e+000	3.325881e+000
8.579999999999902e+000	3.325936e+000
8.599999999999902e+000	3.325991e+000
8.619999999999902e+000	3.326046e+000
8.639999999999901e+000	3.326101e+000
8.659999999999901e+000	3.326155e+000
8.679999999999900e+000	3.326210e+000
8.699999999999900e+000	3.326265e+000
8.719999999999899e+000	3.326320e+000
8.739999999999899e+000	3.326375e+000
8.759999999999899e+000	3.326429e+000
8.779999999999898e+000	3.326484e+000
8.799999999999898e+000	3.326539e+000
8.819999999999897e+000	3.326593e+000
8.839999999999897e+000	3.326648e+000
8.859999999999896e+000	3.326702e+000
8.879999999999896e+000	3.326757e+000
8.899999999999896e+000	3.326812e+000
8.919999999999895e+000	3.326866e+000
8.939999999999895e+000	3.326921e+000
8.959999999999894e+000	3.326975e+000
8.979999999999894e+000	3.327030e+000
8.999999999999893e+000	3.327084e+000
9.019999999999893e+000	3.327138e+000
9.039999999999893e+000	3.327193e+000
9.059999999999892e+000	3.327247e+000
9.079999999999892e+000	3.327302e+000
9.099999999999891e+000	3.327356e+000
9.119999999999891e+000	3.327410e+000
9.139999999999890e+000	3.327465e+000
9.159999999999890e+000	3.327519e+000
9.179999999999890e+000	3.327573e+000
9.199999999999889e+000	3.327628e+000
9.219999999999889e+000	3.327682e+000
9.239999999999888e+000	3.327736e+000
9.259999999999888e+000	3.327790e+000
9.279999999999888e+000	3.327845e+000
9.299999999999887e+000	3.327899e+000
9.319999999999887e+000	3.327953e+000
9.339999999999886e+000	3.328007e+000
9.359999999999886e+000	3.328061e+000
9.379999999999885e+000	3.328115e+000
9.399999999999885e+000	3.328169e+000
9.419999999999885e+000	3.328223e+000
9.439999999999884e+000	3.328278e+000
9.459999999999884e+000	3.328331e+000
9.479999999999883e+000	3.328386e+000
9.499999999999883e+000	3.328440e+000
9.519999999999882e+000	3.328494e+000
9.539999999999882e+000	3.328547e+000
9.559999999999882e+000	3.328602e+000
9.579999999999881e+000	3.328655e+000
9.599999999999881e+000	3.328709e+000
9.619999999999880e+000	3.328763e+000
9.639999999999880e+000	3.328817e+000
9.659999999999879e+000	3.328871e+000
9.679999999999879e+000	3.328925e+000
9.699999999999879e+000	3.328979e+000
9.719999999999878e+000	3.329033e+000
9.739999999999878e+000	3.329087e+000
9.759999999999877e+000	3.329140e+000
9.779999999999877e+000	3.329194e+000
9.799999999999876e+000	3.329248e+000
9.819999999999876e+000	3.329302e+000
9.839999999999876e+000	3.329355e+000
9.859999999999875e+000	3.329409e+000
9.879999999999875e+000	3.329463e+000
9.899999999999874e+000	3.329516e+000
9.919999999999874e+000	3.329570e+000
9.939999999999873e+000	3.329624e+000
9.959999999999873e+000	3.329677e+000
9.979999999999873e+000	3.329731e+000
9.999999999999872e+000	3.329785e+000
1.001999999999987e+001	3.329838e+000
1.003999999999987e+001	3.329892e+000
1.005999999999987e+001	3.329945e+000
1.007999999999987e+001	3.329999e+000
1.009999999999987e+001	3.330053e+000
1.011999999999987e+001	3.330106e+000
1.013999999999987e+001	3.330160e+000
1.015999999999987e+001	3.330213e+000
1.017999999999987e+001	3.330266e+000
1.019999999999987e+001	3.330320e+000
1.021999999999987e+001	3.330374e+000
1.023999999999987e+001	3.330427e+000
1.025999999999987e+001	3.330480e+000
1.027999999999987e+001	3.330534e+000
1.029999999999987e+001	3.330587e+000
1.031999999999987e+001	3.330641e+000
1.033999999999987e+001	3.330694e+000
1.035999999999986e+001	3.330747e+000
1.037999999999986e+001	3.330801e+000
1.039999999999986e+001	3.330854e+000
1.041999999999986e+001	3.330907e+000
1.043999999999986e+001	3.330961e+000
1.045999999999986e+001	3.331014e+000
1.047999999999986e+001	3.331067e+000
1.049999999999986e+001	3.331120e+000
1.051999999999986e+001	3.331174e+000
1.053999999999986e+001	3.331227e+000
1.055999999999986e+001	3.331280e+000
1.057999999999986e+001	3.331333e+000
1.059999999999986e+001	3.331387e+000
1.061999999999986e+001	3.331440e+000
1.063999999999986e+001	3.331493e+000
1.065999999999986e+001	3.331546e+000
1.067999999999986e+001	3.331599e+000
1.069999999999986e+001	3.331652e+000
1.071999999999986e+001	3.331706e+000
1.073999999999986e+001	3.331759e+000
1.075999999999986e+001	3.331812e+000
1.077999999999986e+001	3.331865e+000
1.079999999999986e+001	3.331918e+000
1.081999999999986e+001	3.331971e+000
1.083999999999985e+001	3.332024e+000
1.085999999999985e+001	3.332077e+000
1.087999999999985e+001	3.332130e+000
1.089999999999985e+001	3.332183e+000
1.091999999999985e+001	3.332236e+000
1.093999999999985e+001	3.332289e+000
1.095999999999985e+001	3.332342e+000
1.097999999999985e+001	3.332395e+000
1.099999999999985e+001	3.332448e+000
1.101999999999985e+001	3.332501e+000
1.103999999999985e+001	3.332554e+000
1.105999999999985e+001	3.332607e+000
1.107999999999985e+001	3.332660e+000
1.109999999999985e+001	3.332713e+000
1.111999999999985e+001	3.332766e+000
1.113999999999985e+001	3.332819e+000
1.115999999999985e+001	3.332871e+000
1.117999999999985e+001	3.332924e+000
1.119999999999985e+001	3.332977e+000
1.121999999999985e+001	3.333030e+000
1.123999999999985e+001	3.333083e+000
1.125999999999985e+001	3.333136e+000
1.127999999999985e+001	3.333189e+000
1.129999999999984e+001	3.333241e+000
1.131999999999984e+001	3.333294e+000
1.133999999999984e+001	3.333347e+000
1.135999999999984e+001	3.333400e+000
1.137999999999984e+001	3.333452e+000
1.139999999999984e+001	3.333505e+000
1.141999999999984e+001	3.333558e+000
1.143999999999984e+001	3.333611e+000
1.145999999999984e+001	3.333663e+000
1.147999999999984e+001	3.333716e+000
1.149999999999984e+001	3.333769e+000
1.151999999999984e+001	3.333821e+000
1.153999999999984e+001	3.333874e+000
1.155999999999984e+001	3.333927e+000
1.157999999999984e+001	3.333979e+000
1.159999999999984e+001	3.334032e+000
1.161999999999984e+001	3.334085e+000
1.163999999999984e+001	3.334137e+000
1.165999999999984e+001	3.334190e+000
1.167999999999984e+001	3.334242e+000
1.169999999999984e+001	3.334295e+000
1.171999999999984e+001	3.334347e+000
1.173999999999984e+001	3.334400e+000
1.175999999999984e+001	3.334453e+000
1.177999999999983e+001	3.334505e+000
1.179999999999983e+001	3.334558e+000
1.181999999999983e+001	3.334610e+000
1.183999999999983e+001	3.334663e+000
1.185999999999983e+001	3.334715e+000
1.187999999999983e+001	3.334768e+000
1.189999999999983e+001	3.334820e+000
1.191999999999983e+001	3.334873e+000
1.193999999999983e+001	3.334925e+000
1.195999999999983e+001	3.334978e+000
1.197999999999983e+001	3.335030e+000
1.199999999999983e+001	3.335083e+000
1.201999999999983e+001	3.335135e+000
1.203999999999983e+001	3.335187e+000
1.205999999999983e+001	3.335240e+000
1.207999999999983e+001	3.335292e+000
1.209999999999983e+001	3.335345e+000
1.211999999999983e+001	3.335397e+000
1.213999999999983e+001	3.335449e+000
1.215999999999983e+001	3.335502e+000
1.217999999999983e+001	3.335554e+000
1.219999999999983e+001	3.335606e+000
1.221999999999983e+001	3.335659e+000
1.223999999999982e+001	3.335711e+000
1.225999999999982e+001	3.335763e+000
1.227999999999982e+001	3.335816e+000
1.229999999999982e+001	3.335868e+000
1.231999999999982e+001	3.335920e+000
1.233999999999982e+001	3.335973e+000
1.235999999999982e+001	3.336025e+000
1.237999999999982e+001	3.336077e+000
1.239999999999982e+001	3.336129e+000
1.241999999999982e+001	3.336182e+000
1.243999999999982e+001	3.336234e+000
1.245999999999982e+001	3.336286e+000
1.247999999999982e+001	3.336338e+000
1.249999999999982e+001	3.336390e+000
1.251999999999982e+001	3.336443e+000
1.253999999999982e+001	3.336495e+000
1.255999999999982e+001	3.336547e+000
1.257999999999982e+001	3.336599e+000
1.259999999999982e+001	3.336652e+000
1.261999999999982e+001	3.336704e+000
1.263999999999982e+001	3.336756e+000
1.265999999999982e+001	3.336808e+000
1.267999999999982e+001	3.336860e+000
1.269999999999982e+001	3.336912e+000
1.271999999999981e+001	3.336964e+000
1.273999999999981e+001	3.337016e+000
1.275999999999981e+001	3.337069e+000
1.277999999999981e+001	3.337121e+000
1.279999999999981e+001	3.337173e+000
1.281999999999981e+001	3.337225e+000
1.283999999999981e+001	3.337277e+000
1.285999999999981e+001	3.337329e+000
1.287999999999981e+001	3.337381e+000
1.289999999999981e+001	3.337433e+000
1.291999999999981e+001	3.337485e+000
1.293999999999981e+001	3.337537e+000
1.295999999999981e+001	3.337589e+000
1.297999999999981e+001	3.337641e+000
1.299999999999981e+001	3.337693e+000
1.301999999999981e+001	3.337745e+000
1.303999999999981e+001	3.337797e+000
1.305999999999981e+001	3.337849e+000
1.307999999999981e+001	3.337901e+000
1.309999999999981e+001	3.337953e+000
1.311999999999981e+001	3.338005e+000
1.313999999999981e+001	3.338057e+000
1.315999999999981e+001	3.338109e+000
1.317999999999980e+001	3.338161e+000
1.319999999999980e+001	3.338213e+000
1.321999999999980e+001	3.338265e+000
1.323999999999980e+001	3.338316e+000
1.325999999999980e+001	3.338368e+000
1.327999999999980e+001	3.338420e+000
1.329999999999980e+001	3.338472e+000
1.331999999999980e+001	3.338524e+000
1.333999999999980e+001	3.338576e+000
1.335999999999980e+001	3.338628e+000
1.337999999999980e+001	3.338680e+000
1.339999999999980e+001	3.338732e+000
1.341999999999980e+001	3.338784e+000
1.343999999999980e+001	3.338835e+000
1.345999999999980e+001	3.338887e+000
1.347999999999980e+001	3.338939e+000
1.349999999999980e+001	3.338991e+000
1.351999999999980e+001	3.339042e+000
1.353999999999980e+001	3.339094e+000
1.355999999999980e+001	3.339146e+000
1.357999999999980e+001	3.339198e+000
1.359999999999980e+001	3.339250e+000
1.361999999999980e+001	3.339301e+000
1.363999999999980e+001	3.339353e+000
1.365999999999979e+001	3.339405e+000
1.367999999999979e+001	3.339457e+000
1.369999999999979e+001	3.339509e+000
1.371999999999979e+001	3.339560e+000
1.373999999999979e+001	3.339612e+000
1.375999999999979e+001	3.339664e+000
1.377999999999979e+001	3.339715e+000
1.379999999999979e+001	3.339767e+000
1.381999999999979e+001	3.339819e+000
1.383999999999979e+001	3.339870e+000
1.385999999999979e+001	3.339922e+000
1.387999999999979e+001	3.339974e+000
1.389999999999979e+001	3.340025e+000
1.391999999999979e+001	3.340077e+000
1.393999999999979e+001	3.340129e+000
1.395999999999979e+001	3.340180e+000
1.397999999999979e+001	3.340232e+000
1.399999999999979e+001	3.340284e+000
1.401999999999979e+001	3.340335e+000
1.403999999999979e+001	3.340387e+000
1.405999999999979e+001	3.340439e+000
1.407999999999979e+001	3.340490e+000
1.409999999999979e+001	3.340542e+000
1.411999999999978e+001	3.340593e+000
1.413999999999978e+001	3.340645e+000
1.415999999999978e+001	3.340697e+000
1.417999999999978e+001	3.340748e+000
1.419999999999978e+001	3.340800e+000
1.421999999999978e+001	3.340851e+000
1.423999999999978e+001	3.340903e+000
1.425999999999978e+001	3.340954e+000
1.427999999999978e+001	3.341006e+000
1.429999999999978e+001	3.341058e+000
1.431999999999978e+001	3.341109e+000
1.433999999999978e+001	3.341161e+000
1.435999999999978e+001	3.341212e+000
1.437999999999978e+001	3.341264e+000
1.439999999999978e+001	3.341315e+000
1.441999999999978e+001	3.341367e+000
1.443999999999978e+001	3.341418e+000
1.445999999999978e+001	3.341470e+000
1.447999999999978e+001	3.341521e+000
1.449999999999978e+001	3.341573e+000
1.451999999999978e+001	3.341624e+000
1.453999999999978e+001	3.341676e+000
1.455999999999978e+001	3.341727e+000
1.457999999999977e+001	3.341778e+000
1.459999999999977e+001	3.341830e+000
1.461999999999977e+001	3.341881e+000
1.463999999999977e+001	3.341933e+000
1.465999999999977e+001	3.341984e+000
1.467999999999977e+001	3.342036e+000
1.469999999999977e+001	3.342087e+000
1.471999999999977e+001	3.342138e+000
1.473999999999977e+001	3.342190e+000
1.475999999999977e+001	3.342241e+000
1.477999999999977e+001	3.342293e+000
1.479999999999977e+001	3.342344e+000
1.481999999999977e+001	3.342395e+000
1.483999999999977e+001	3.342447e+000
1.485999999999977e+001	3.342498e+000
1.487999999999977e+001	3.342549e+000
1.489999999999977e+001	3.342601e+000
1.491999999999977e+001	3.342652e+000
1.493999999999977e+001	3.342703e+000
1.495999999999977e+001	3.342755e+000
1.497999999999977e+001	3.342806e+000
1.499999999999977e+001	3.342857e+000
1.501999999999977e+001	3.342909e+000
1.503999999999977e+001	3.342960e+000
1.505999999999976e+001	3.343011e+000
1.507999999999976e+001	3.343062e+000
1.509999999999976e+001	3.343114e+000
1.511999999999976e+001	3.343165e+000
1.513999999999976e+001	3.343216e+000
1.515999999999976e+001	3.343268e+000
1.517999999999976e+001	3.343319e+000
1.519999999999976e+001	3.343370e+000
1.521999999999976e+001	3.343421e+000
1.523999999999976e+001	3.343473e+000
1.525999999999976e+001	3.343524e+000
1.527999999999976e+001	3.343575e+000
1.529999999999976e+001	3.343626e+000
1.531999999999976e+001	3.343678e+000
1.533999999999976e+001	3.343729e+000
1.535999999999976e+001	3.343780e+000
1.537999999999976e+001	3.343831e+000
1.539999999999976e+001	3.343882e+000
1.541999999999976e+001	3.343934e+000
1.543999999999976e+001	3.343985e+000
1.545999999999976e+001	3.344036e+000
1.547999999999976e+001	3.344087e+000
1.549999999999976e+001	3.344138e+000
1.551999999999975e+001	3.344190e+000
1.553999999999975e+001	3.344241e+000
1.555999999999975e+001	3.344292e+000
1.557999999999975e+001	3.344343e+000
1.559999999999975e+001	3.344394e+000
1.561999999999975e+001	3.344445e+000
1.563999999999975e+001	3.344496e+000
1.565999999999975e+001	3.344548e+000
1.567999999999975e+001	3.344599e+000
1.569999999999975e+001	3.344650e+000
1.571999999999975e+001	3.344701e+000
1.573999999999975e+001	3.344752e+000
1.575999999999975e+001	3.344803e+000
1.577999999999975e+001	3.344854e+000
1.579999999999975e+001	3.344905e+000
1.581999999999975e+001	3.344956e+000
1.583999999999975e+001	3.345007e+000
1.585999999999975e+001	3.345059e+000
1.587999999999975e+001	3.345110e+000
1.589999999999975e+001	3.345161e+000
1.591999999999975e+001	3.345212e+000
1.593999999999975e+001	3.345263e+000
1.595999999999975e+001	3.345314e+000
1.597999999999975e+001	3.345365e+000
1.599999999999974e+001	3.345416e+000
1.601999999999974e+001	3.345467e+000
1.603999999999974e+001	3.345518e+000
1.605999999999974e+001	3.345569e+000
1.607999999999974e+001	3.345620e+000
1.609999999999974e+001	3.345671e+000
1.611999999999974e+001	3.345722e+000
1.613999999999974e+001	3.345773e+000
1.615999999999974e+001	3.345824e+000
1.617999999999974e+001	3.345875e+000
1.619999999999974e+001	3.345926e+000
1.621999999999974e+001	3.345977e+000
1.623999999999974e+001	3.346028e+000
1.625999999999974e+001	3.346079e+000
1.627999999999974e+001	3.346130e+000
1.629999999999974e+001	3.346181e+000
1.631999999999974e+001	3.346232e+000
1.633999999999974e+001	3.346283e+000
1.635999999999974e+001	3.346334e+000
1.637999999999974e+001	3.346385e+000
1.639999999999974e+001	3.346436e+000
1.641999999999974e+001	3.346487e+000
1.643999999999974e+001	3.346538e+000
1.645999999999973e+001	3.346588e+000
1.647999999999973e+001	3.346639e+000
1.649999999999973e+001	3.346690e+000
1.651999999999973e+001	3.346741e+000
1.653999999999973e+001	3.346792e+000
1.655999999999973e+001	3.346843e+000
1.657999999999973e+001	3.346894e+000
1.659999999999973e+001	3.346945e+000
1.661999999999973e+001	3.346996e+000
1.663999999999973e+001	3.347047e+000
1.665999999999973e+001	3.347097e+000
1.667999999999973e+001	3.347148e+000
1.669999999999973e+001	3.347199e+000
1.671999999999973e+001	3.347250e+000
1.673999999999973e+001	3.347301e+000
1.675999999999973e+001	3.347352e+000
1.677999999999973e+001	3.347403e+000
1.679999999999973e+001	3.347453e+000
1.681999999999973e+001	3.347504e+000
1.683999999999973e+001	3.347555e+000
1.685999999999973e+001	3.347606e+000
1.687999999999973e+001	3.347657e+000
1.689999999999973e+001	3.347708e+000
1.691999999999973e+001	3.347758e+000
1.693999999999972e+001	3.347809e+000
1.695999999999972e+001	3.347860e+000
1.697999999999972e+001	3.347911e+000
1.699999999999972e+001	3.347961e+000
1.701999999999972e+001	3.348012e+000
1.703999999999972e+001	3.348063e+000
1.705999999999972e+001	3.348114e+000
1.707999999999972e+001	3.348165e+000
1.709999999999972e+001	3.348215e+000
1.711999999999972e+001	3.348266e+000
1.713999999999972e+001	3.348317e+000
1.715999999999972e+001	3.348368e+000
1.717999999999972e+001	3.348418e+000
1.719999999999972e+001	3.348469e+000
1.721999999999972e+001	3.348520e+000
1.723999999999972e+001	3.348571e+000
1.725999999999972e+001	3.348621e+000
1.727999999999972e+001	3.348672e+000
1.729999999999972e+001	3.348723e+000
1.731999999999972e+001	3.348773e+000
1.733999999999972e+001	3.348824e+000
1.735999999999972e+001	3.348875e+000
1.737999999999972e+001	3.348926e+000
1.739999999999971e+001	3.348976e+000
1.741999999999971e+001	3.349027e+000
1.743999999999971e+001	3.349078e+000
1.745999999999971e+001	3.349128e+000
1.747999999999971e+001	3.349179e+000
1.749999999999971e+001	3.349230e+000
1.751999999999971e+001	3.349280e+000
1.753999999999971e+001	3.349331e+000
1.755999999999971e+001	3.349382e+000
1.757999999999971e+001	3.349432e+000
1.759999999999971e+001	3.349483e+000
1.761999999999971e+001	3.349534e+000
1.763999999999971e+001	3.349584e+000
1.765999999999971e+001	3.349635e+000
1.767999999999971e+001	3.349686e+000
1.769999999999971e+001	3.349736e+000
1.771999999999971e+001	3.349787e+000
1.773999999999971e+001	3.349838e+000
1.775999999999971e+001	3.349888e+000
1.777999999999971e+001	3.349939e+000
1.779999999999971e+001	3.349989e+000
1.781999999999971e+001	3.350040e+000
1.783999999999971e+001	3.350091e+000
1.785999999999971e+001	3.350141e+000
1.787999999999970e+001	3.350192e+000
1.789999999999970e+001	3.350242e+000
1.791999999999970e+001	3.350293e+000
1.793999999999970e+001	3.350343e+000
1.795999999999970e+001	3.350394e+000
1.797999999999970e+001	3.350445e+000
1.799999999999970e+001	3.350495e+000
1.801999999999970e+001	3.350546e+000
1.803999999999970e+001	3.350596e+000
1.805999999999970e+001	3.350647e+000
1.807999999999970e+001	3.350697e+000
1.809999999999970e+001	3.350748e+000
1.811999999999970e+001	3.350798e+000
1.813999999999970e+001	3.350849e+000
1.815999999999970e+001	3.350899e+000
1.817999999999970e+001	3.350950e+000
1.819999999999970e+001	3.351001e+000
1.821999999999970e+001	3.351051e+000
1.823999999999970e+001	3.351102e+000
1.825999999999970e+001	3.351152e+000
1.827999999999970e+001	3.351203e+000
1.829999999999970e+001	3.351253e+000
1.831999999999970e+001	3.351304e+000
1.833999999999969e+001	3.351354e+000
1.835999999999969e+001	3.351405e+000
1.837999999999969e+001	3.351455e+000
1.839999999999969e+001	3.351506e+000
1.841999999999969e+001	3.351556e+000
1.843999999999969e+001	3.351607e+000
1.845999999999969e+001	3.351657e+000
1.847999999999969e+001	3.351707e+000
1.849999999999969e+001	3.351758e+000
1.851999999999969e+001	3.351808e+000
1.853999999999969e+001	3.351859e+000
1.855999999999969e+001	3.351909e+000
1.857999999999969e+001	3.351960e+000
1.859999999999969e+001	3.352010e+000
1.861999999999969e+001	3.352061e+000
1.863999999999969e+001	3.352111e+000
1.865999999999969e+001	3.352161e+000
1.867999999999969e+001	3.352212e+000
1.869999999999969e+001	3.352262e+000
1.871999999999969e+001	3.352313e+000
1.873999999999969e+001	3.352363e+000
1.875999999999969e+001	3.352414e+000
1.877999999999969e+001	3.352464e+000
1.879999999999969e+001	3.352514e+000
1.881999999999968e+001	3.352565e+000
1.883999999999968e+001	3.352615e+000
1.885999999999968e+001	3.352665e+000
1.887999999999968e+001	3.352716e+000
1.889999999999968e+001	3.352766e+000
1.891999999999968e+001	3.352817e+000
1.893999999999968e+001	3.352867e+000
1.895999999999968e+001	3.352917e+000
1.897999999999968e+001	3.352968e+000
1.899999999999968e+001	3.353018e+000
1.901999999999968e+001	3.353069e+000
1.903999999999968e+001	3.353119e+000
1.905999999999968e+001	3.353169e+000
1.907999999999968e+001	3.353220e+000
1.909999999999968e+001	3.353270e+000
1.911999999999968e+001	3.353320e+000
1.913999999999968e+001	3.353371e+000
1.915999999999968e+001	3.353421e+000
1.917999999999968e+001	3.353471e+000
1.919999999999968e+001	3.353522e+000
1.921999999999968e+001	3.353572e+000
1.923999999999968e+001	3.353622e+000
1.925999999999968e+001	3.353673e+000
1.927999999999967e+001	3.353723e+000
1.929999999999967e+001	3.353773e+000
1.931999999999967e+001	3.353823e+000
1.933999999999967e+001	3.353874e+000
1.935999999999967e+001	3.353924e+000
1.937999999999967e+001	3.353974e+000
1.939999999999967e+001	3.354025e+000
1.941999999999967e+001	3.354075e+000
1.943999999999967e+001	3.354125e+000
1.945999999999967e+001	3.354175e+000
1.947999999999967e+001	3.354226e+000
1.949999999999967e+001	3.354276e+000
1.951999999999967e+001	3.354326e+000
1.953999999999967e+001	3.354377e+000
1.955999999999967e+001	3.354427e+000
1.957999999999967e+001	3.354477e+000
1.959999999999967e+001	3.354527e+000
1.961999999999967e+001	3.354578e+000
1.963999999999967e+001	3.354628e+000
1.965999999999967e+001	3.354678e+000
1.967999999999967e+001	3.354728e+000
1.969999999999967e+001	3.354778e+000
1.971999999999967e+001	3.354829e+000
1.973999999999966e+001	3.354879e+000
1.975999999999966e+001	3.354929e+000
1.977999999999966e+001	3.354979e+000
1.979999999999966e+001	3.355029e+000
1.981999999999966e+001	3.355080e+000
1.983999999999966e+001	3.355130e+000
1.985999999999966e+001	3.355180e+000
1.987999999999966e+001	3.355230e+000
1.989999999999966e+001	3.355280e+000
1.991999999999966e+001	3.355331e+000
1.993999999999966e+001	3.355381e+000
1.995999999999966e+001	3.355431e+000
1.997999999999966e+001	3.355481e+000
1.999999999999966e+001	3.355531e+000
2.001999999999966e+001	3.355582e+000
2.003999999999966e+001	3.355632e+000
2.005999999999966e+001	3.355682e+000
2.007999999999966e+001	3.355732e+000
2.009999999999966e+001	3.355782e+000
2.011999999999966e+001	3.355832e+000
2.013999999999966e+001	3.355882e+000
2.015999999999966e+001	3.355933e+000
2.017999999999966e+001	3.355983e+000
2.019999999999966e+001	3.356033e+000
2.021999999999965e+001	3.356083e+000
2.023999999999965e+001	3.356133e+000
2.025999999999965e+001	3.356183e+000
2.027999999999965e+001	3.356233e+000
2.029999999999965e+001	3.356283e+000
2.031999999999965e+001	3.356334e+000
2.033999999999965e+001	3.356384e+000
2.035999999999965e+001	3.356434e+000
2.037999999999965e+001	3.356484e+000
2.039999999999965e+001	3.356534e+000
2.041999999999965e+001	3.356584e+000
2.043999999999965e+001	3.356634e+000
2.045999999999965e+001	3.356684e+000
2.047999999999965e+001	3.356735e+000
2.049999999999965e+001	3.356785e+000
2.051999999999965e+001	3.356835e+000
2.053999999999965e+001	3.356885e+000
2.055999999999965e+001	3.356935e+000
2.057999999999965e+001	3.356985e+000
2.059999999999965e+001	3.357035e+000
2.061999999999965e+001	3.357085e+000
2.063999999999965e+001	3.357135e+000
2.065999999999965e+001	3.357185e+000
2.067999999999964e+001	3.357235e+000
2.069999999999964e+001	3.357285e+000
2.071999999999964e+001	3.357335e+000
2.073999999999964e+001	3.357385e+000
2.075999999999964e+001	3.357435e+000
2.077999999999964e+001	3.357485e+000
2.079999999999964e+001	3.357535e+000
2.081999999999964e+001	3.357585e+000
2.083999999999964e+001	3.357635e+000
2.085999999999964e+001	3.357685e+000
2.087999999999964e+001	3.357735e+000
2.089999999999964e+001	3.357785e+000
2.091999999999964e+001	3.357836e+000
2.093999999999964e+001	3.357886e+000
2.095999999999964e+001	3.357935e+000
2.097999999999964e+001	3.357985e+000
2.099999999999964e+001	3.358036e+000
2.101999999999964e+001	3.358085e+000
2.103999999999964e+001	3.358135e+000
2.105999999999964e+001	3.358186e+000
2.107999999999964e+001	3.358235e+000
2.109999999999964e+001	3.358285e+000
2.111999999999964e+001	3.358335e+000
2.113999999999964e+001	3.358385e+000
2.115999999999963e+001	3.358435e+000
2.117999999999963e+001	3.358485e+000
2.119999999999963e+001	3.358535e+000
2.121999999999963e+001	3.358585e+000
2.123999999999963e+001	3.358635e+000
2.125999999999963e+001	3.358685e+000
2.127999999999963e+001	3.358735e+000
2.129999999999963e+001	3.358785e+000
2.131999999999963e+001	3.358835e+000
2.133999999999963e+001	3.358885e+000
2.135999999999963e+001	3.358935e+000
2.137999999999963e+001	3.358985e+000
2.139999999999963e+001	3.359035e+000
2.141999999999963e+001	3.359085e+000
2.143999999999963e+001	3.359135e+000
2.145999999999963e+001	3.359185e+000
2.147999999999963e+001	3.359235e+000
2.149999999999963e+001	3.359284e+000
2.151999999999963e+001	3.359334e+000
2.153999999999963e+001	3.359384e+000
2.155999999999963e+001	3.359434e+000
2.157999999999963e+001	3.359484e+000
2.159999999999963e+001	3.359534e+000
2.161999999999962e+001	3.359584e+000
2.163999999999962e+001	3.359634e+000
2.165999999999962e+001	3.359684e+000
2.167999999999962e+001	3.359734e+000
2.169999999999962e+001	3.359783e+000
2.171999999999962e+001	3.359833e+000
2.173999999999962e+001	3.359883e+000
2.175999999999962e+001	3.359933e+000
2.177999999999962e+001	3.359983e+000
2.179999999999962e+001	3.360033e+000
2.181999999999962e+001	3.360083e+000
2.183999999999962e+001	3.360132e+000
2.185999999999962e+001	3.360182e+000
2.187999999999962e+001	3.360232e+000
2.189999999999962e+001	3.360282e+000
2.191999999999962e+001	3.360332e+000
2.193999999999962e+001	3.360382e+000
2.195999999999962e+001	3.360432e+000
2.197999999999962e+001	3.360482e+000
2.199999999999962e+001	3.360531e+000
2.201999999999962e+001	3.360581e+000
2.203999999999962e+001	3.360631e+000
2.205999999999962e+001	3.360681e+000
2.207999999999962e+001	3.360731e+000
2.209999999999961e+001	3.360780e+000
2.211999999999961e+001	3.360830e+000
2.213999999999961e+001	3.360880e+000
2.215999999999961e+001	3.360930e+000
2.217999999999961e+001	3.360980e+000
2.219999999999961e+001	3.361029e+000
2.221999999999961e+001	3.361079e+000
2.223999999999961e+001	3.361129e+000
2.225999999999961e+001	3.361179e+000
2.227999999999961e+001	3.361229e+000
2.229999999999961e+001	3.361279e+000
2.231999999999961e+001	3.361328e+000
2.233999999999961e+001	3.361378e+000
2.235999999999961e+001	3.361428e+000
2.237999999999961e+001	3.361478e+000
2.239999999999961e+001	3.361527e+000
2.241999999999961e+001	3.361577e+000
2.243999999999961e+001	3.361627e+000
2.245999999999961e+001	3.361677e+000
2.247999999999961e+001	3.361727e+000
2.249999999999961e+001	3.361776e+000
2.251999999999961e+001	3.361826e+000
2.253999999999961e+001	3.361876e+000
2.255999999999960e+001	3.361925e+000
2.257999999999960e+001	3.361975e+000
2.259999999999960e+001	3.362025e+000
2.261999999999960e+001	3.362075e+000
2.263999999999960e+001	3.362124e+000
2.265999999999960e+001	3.362174e+000
2.267999999999960e+001	3.362224e+000
2.269999999999960e+001	3.362274e+000
2.271999999999960e+001	3.362323e+000
2.273999999999960e+001	3.362373e+000
2.275999999999960e+001	3.362423e+000
2.277999999999960e+001	3.362473e+000
2.279999999999960e+001	3.362522e+000
2.281999999999960e+001	3.362572e+000
2.283999999999960e+001	3.362622e+000
2.285999999999960e+001	3.362671e+000
2.287999999999960e+001	3.362721e+000
2.289999999999960e+001	3.362771e+000
2.291999999999960e+001	3.362820e+000
2.293999999999960e+001	3.362870e+000
2.295999999999960e+001	3.362920e+000
2.297999999999960e+001	3.362970e+000
2.299999999999960e+001	3.363019e+000
2.301999999999960e+001	3.363069e+000
2.303999999999959e+001	3.363119e+000
2.305999999999959e+001	3.363168e+000
2.307999999999959e+001	3.363218e+000
2.309999999999959e+001	3.363268e+000
2.311999999999959e+001	3.363317e+000
2.313999999999959e+001	3.363367e+000
2.315999999999959e+001	3.363417e+000
2.317999999999959e+001	3.363466e+000
2.319999999999959e+001	3.363516e+000
2.321999999999959e+001	3.363566e+000
2.323999999999959e+001	3.363615e+000
2.325999999999959e+001	3.363665e+000
2.327999999999959e+001	3.363714e+000
2.329999999999959e+001	3.363764e+000
2.331999999999959e+001	3.363814e+000
2.333999999999959e+001	3.363863e+000
2.335999999999959e+001	3.363913e+000
2.337999999999959e+001	3.363963e+000
2.339999999999959e+001	3.364012e+000
2.341999999999959e+001	3.364062e+000
2.343999999999959e+001	3.364112e+000
2.345999999999959e+001	3.364161e+000
2.347999999999959e+001	3.364211e+000
2.349999999999958e+001	3.364260e+000
2.351999999999958e+001	3.364310e+000
2.353999999999958e+001	3.364360e+000
2.355999999999958e+001	3.364409e+000
2.357999999999958e+001	3.364459e+000
2.359999999999958e+001	3.364508e+000
2.361999999999958e+001	3.364558e+000
2.363999999999958e+001	3.364608e+000
2.365999999999958e+001	3.364657e+000
2.367999999999958e+001	3.364707e+000
2.369999999999958e+001	3.364756e+000
2.371999999999958e+001	3.364806e+000
2.373999999999958e+001	3.364856e+000
2.375999999999958e+001	3.364905e+000
2.377999999999958e+001	3.364955e+000
2.379999999999958e+001	3.365004e+000
2.381999999999958e+001	3.365054e+000
2.383999999999958e+001	3.365103e+000
2.385999999999958e+001	3.365153e+000
2.387999999999958e+001	3.365203e+000
2.389999999999958e+001	3.365252e+000
2.391999999999958e+001	3.365302e+000
2.393999999999958e+001	3.365351e+000
2.395999999999958e+001	3.365401e+000
2.397999999999957e+001	3.365450e+000
2.400000000000000e+001	3.365500e+000
