time	V(vo)
0.000000000000000e+000	2.393940e-001
9.999999439624929e-011	2.393940e-001
1.034007533388644e-010	2.393940e-001
1.102022712240945e-010	2.393940e-001
1.238053069945549e-010	2.393940e-001
1.485622929780569e-010	2.393940e-001
1.932264353959916e-010	2.393940e-001
2.357777291914083e-010	2.393940e-001
3.208803167822418e-010	2.393940e-001
4.910854919639089e-010	2.393940e-001
7.979151254299591e-010	2.393940e-001
1.345076977827209e-009	2.393940e-001
2.233731279486338e-009	2.393940e-001
3.417076603635710e-009	2.393941e-001
5.369045995204738e-009	2.393942e-001
8.710886568057489e-009	2.393945e-001
1.224055153446997e-008	2.393949e-001
1.864552759047687e-008	2.393959e-001
3.145547970249068e-008	2.393981e-001
4.734579828351458e-008	2.394015e-001
7.821105317346816e-008	2.394100e-001
1.215838225190497e-007	2.394251e-001
1.634176319229685e-007	2.394428e-001
2.092540281481289e-007	2.394653e-001
2.546954346110838e-007	2.394903e-001
3.058327928983828e-007	2.395211e-001
3.625350229260766e-007	2.395577e-001
4.331322558820455e-007	2.396060e-001
5.275840987380001e-007	2.396735e-001
6.136972590206935e-007	2.397366e-001
7.057886488338893e-007	2.398048e-001
8.204476380935070e-007	2.398893e-001
9.388602422845554e-007	2.399746e-001
1.108608280582634e-006	2.400901e-001
1.418382281107592e-006	2.402820e-001
1.704750003681006e-006	2.404341e-001
2.109358809700510e-006	2.405978e-001
2.918576421739519e-006	2.408217e-001
3.761658947076354e-006	2.409763e-001
5.104142077917481e-006	2.411818e-001
6.505706357588848e-006	2.414370e-001
8.818402993320049e-006	2.419109e-001
1.214545010470256e-005	2.425636e-001
1.515930111184807e-005	2.430995e-001
2.118700312613911e-005	2.440813e-001
2.714810073713020e-005	2.449445e-001
3.714810073713020e-005	2.461796e-001
4.714810073713020e-005	2.472154e-001
5.714810073713020e-005	2.480620e-001
6.714810073713020e-005	2.487545e-001
7.714810073713020e-005	2.493204e-001
8.714810073713020e-005	2.497829e-001
9.714810073713020e-005	2.501609e-001
1.071481007371302e-004	2.504697e-001
1.171481007371302e-004	2.507220e-001
1.271481007371302e-004	2.509280e-001
1.371481007371302e-004	2.510964e-001
1.471481007371302e-004	2.512339e-001
1.571481007371302e-004	2.513462e-001
1.671481007371302e-004	2.514380e-001
1.771481007371302e-004	2.515129e-001
1.871481007371302e-004	2.515741e-001
1.971481007371302e-004	2.516240e-001
2.071481007371302e-004	2.516649e-001
2.171481007371302e-004	2.516982e-001
2.271481007371302e-004	2.517254e-001
2.371481007371302e-004	2.517477e-001
2.471481007371302e-004	2.517658e-001
2.571481007371302e-004	2.517806e-001
2.671481007371303e-004	2.517928e-001
2.771481007371303e-004	2.518027e-001
2.871481007371303e-004	2.518107e-001
2.971481007371303e-004	2.518173e-001
3.071481007371304e-004	2.518227e-001
3.171481007371304e-004	2.518271e-001
3.271481007371304e-004	2.518307e-001
3.371481007371305e-004	2.518336e-001
3.471481007371305e-004	2.518360e-001
3.571481007371305e-004	2.518380e-001
3.671481007371305e-004	2.518396e-001
3.771481007371306e-004	2.518409e-001
3.871481007371306e-004	2.518420e-001
3.971481007371306e-004	2.518428e-001
4.071481007371306e-004	2.518435e-001
4.171481007371307e-004	2.518441e-001
4.271481007371307e-004	2.518446e-001
4.371481007371307e-004	2.518449e-001
4.471481007371307e-004	2.518453e-001
4.571481007371308e-004	2.518455e-001
4.771481007371308e-004	2.518459e-001
5.071481007371309e-004	2.518463e-001
5.371481007371310e-004	2.518465e-001
5.628623864514168e-004	2.518465e-001
5.885766721657026e-004	2.518466e-001
6.142909578799883e-004	2.518466e-001
6.400052435942741e-004	2.518467e-001
6.657195293085599e-004	2.518467e-001
6.914338150228457e-004	2.518467e-001
7.171481007371314e-004	2.518467e-001
9.771481007371321e-004	2.518467e-001
9.871481007371322e-004	2.518467e-001
9.900000000010001e-004	2.518467e-001
9.942962014732643e-004	2.518467e-001
1.000000000001000e-003	2.516606e-001
1.001770437238248e-003	2.512824e-001
1.002492333211254e-003	2.509477e-001
1.002802318284075e-003	2.507827e-001
1.003087014076825e-003	2.506505e-001
1.003224475517471e-003	2.505955e-001
1.003391904291750e-003	2.505370e-001
1.003585580502370e-003	2.504777e-001
1.003861960601558e-003	2.504067e-001
1.004290129232569e-003	2.503169e-001
1.004730368742839e-003	2.502413e-001
1.005610847763378e-003	2.501025e-001
1.006910476079918e-003	2.498726e-001
1.009281414707965e-003	2.493988e-001
1.012129799357456e-003	2.488327e-001
1.015585527680375e-003	2.482067e-001
1.021692598644623e-003	2.472018e-001
1.027573323804965e-003	2.463430e-001
1.037573323804965e-003	2.450983e-001
1.047573323804965e-003	2.440546e-001
1.057573323804965e-003	2.432012e-001
1.067573323804965e-003	2.425029e-001
1.077573323804965e-003	2.419314e-001
1.087573323804965e-003	2.414638e-001
1.097573323804965e-003	2.410810e-001
1.107573323804965e-003	2.407677e-001
1.117573323804965e-003	2.405110e-001
1.127573323804965e-003	2.403010e-001
1.137573323804965e-003	2.401289e-001
1.147573323804965e-003	2.399881e-001
1.157573323804965e-003	2.398727e-001
1.167573323804965e-003	2.397782e-001
1.177573323804965e-003	2.397009e-001
1.187573323804965e-003	2.396375e-001
1.197573323804965e-003	2.395856e-001
1.207573323804965e-003	2.395431e-001
1.217573323804965e-003	2.395083e-001
1.227573323804965e-003	2.394797e-001
1.237573323804965e-003	2.394564e-001
1.247573323804965e-003	2.394373e-001
1.257573323804965e-003	2.394216e-001
1.267573323804965e-003	2.394088e-001
1.277573323804965e-003	2.393982e-001
1.287573323804966e-003	2.393896e-001
1.297573323804966e-003	2.393826e-001
1.307573323804966e-003	2.393768e-001
1.317573323804966e-003	2.393721e-001
1.327573323804966e-003	2.393682e-001
1.337573323804966e-003	2.393650e-001
1.347573323804966e-003	2.393624e-001
1.357573323804966e-003	2.393603e-001
1.367573323804966e-003	2.393585e-001
1.377573323804966e-003	2.393571e-001
1.387573323804966e-003	2.393560e-001
1.397573323804966e-003	2.393550e-001
1.407573323804966e-003	2.393542e-001
1.417573323804966e-003	2.393536e-001
1.427573323804966e-003	2.393530e-001
1.437573323804966e-003	2.393526e-001
1.447573323804966e-003	2.393522e-001
1.457573323804966e-003	2.393520e-001
1.477573323804966e-003	2.393515e-001
1.497573323804966e-003	2.393512e-001
1.527573323804966e-003	2.393510e-001
1.550430466662109e-003	2.393509e-001
1.573287609519252e-003	2.393508e-001
1.596144752376395e-003	2.393507e-001
1.619001895233538e-003	2.393507e-001
1.641859038090681e-003	2.393507e-001
1.664716180947824e-003	2.393507e-001
1.687573323804967e-003	2.393507e-001
1.977573323804967e-003	2.393506e-001
1.987573323804967e-003	2.393506e-001
1.994853352390066e-003	2.393506e-001
2.000000000000000e-003	2.395238e-001
2.001682389709626e-003	2.398830e-001
2.002349709482497e-003	2.401943e-001
2.002645570036376e-003	2.403564e-001
2.002894535094051e-003	2.404788e-001
2.003022643526956e-003	2.405341e-001
2.003177974421791e-003	2.405937e-001
2.003388794304140e-003	2.406654e-001
2.003615349205853e-003	2.407309e-001
2.004023126336355e-003	2.408274e-001
2.004443533346018e-003	2.409069e-001
2.005284347365345e-003	2.410423e-001
2.006494240752603e-003	2.412495e-001
2.008796655414871e-003	2.417008e-001
2.011320306906790e-003	2.422066e-001
2.015257966440968e-003	2.429367e-001
2.019614700315834e-003	2.436700e-001
2.026436318812469e-003	2.446924e-001
2.036436318812470e-003	2.459783e-001
2.046436318812470e-003	2.470506e-001
2.056436318812470e-003	2.479275e-001
2.066436318812470e-003	2.486443e-001
2.076436318812470e-003	2.492305e-001
2.086436318812470e-003	2.497093e-001
2.096436318812470e-003	2.501008e-001
2.106436318812470e-003	2.504205e-001
2.116436318812470e-003	2.506819e-001
2.126436318812470e-003	2.508953e-001
2.136436318812470e-003	2.510696e-001
2.146436318812470e-003	2.512121e-001
2.156436318812470e-003	2.513283e-001
2.166436318812470e-003	2.514234e-001
2.176436318812470e-003	2.515010e-001
2.186436318812470e-003	2.515644e-001
2.196436318812470e-003	2.516161e-001
2.206436318812470e-003	2.516584e-001
2.216436318812470e-003	2.516929e-001
2.226436318812470e-003	2.517211e-001
2.236436318812470e-003	2.517441e-001
2.246436318812470e-003	2.517629e-001
2.256436318812470e-003	2.517783e-001
2.266436318812470e-003	2.517908e-001
2.276436318812470e-003	2.518010e-001
2.286436318812470e-003	2.518094e-001
2.296436318812470e-003	2.518162e-001
2.306436318812470e-003	2.518218e-001
2.316436318812470e-003	2.518264e-001
2.326436318812470e-003	2.518301e-001
2.336436318812470e-003	2.518331e-001
2.346436318812470e-003	2.518356e-001
2.356436318812470e-003	2.518376e-001
2.366436318812470e-003	2.518393e-001
2.376436318812470e-003	2.518407e-001
2.386436318812470e-003	2.518418e-001
2.396436318812470e-003	2.518427e-001
2.406436318812470e-003	2.518434e-001
2.416436318812471e-003	2.518440e-001
2.426436318812471e-003	2.518445e-001
2.436436318812471e-003	2.518449e-001
2.456436318812471e-003	2.518455e-001
2.476436318812471e-003	2.518459e-001
2.506436318812471e-003	2.518463e-001
2.536436318812471e-003	2.518464e-001
2.562150604526756e-003	2.518465e-001
2.587864890241042e-003	2.518466e-001
2.613579175955328e-003	2.518466e-001
2.639293461669614e-003	2.518467e-001
2.665007747383900e-003	2.518467e-001
2.690722033098186e-003	2.518467e-001
2.716436318812471e-003	2.518467e-001
2.976436318812472e-003	2.518467e-001
2.990000000001000e-003	2.518467e-001
2.994254724755113e-003	2.518467e-001
2.997018899017451e-003	2.518467e-001
3.000000000001000e-003	2.517489e-001
3.000950909061666e-003	2.515417e-001
3.001316771953119e-003	2.513545e-001
3.001546114339108e-003	2.512006e-001
3.001652758662641e-003	2.511288e-001
3.001750572009610e-003	2.510656e-001
3.001859701856228e-003	2.509988e-001
3.002041217061299e-003	2.508953e-001
3.002253307641041e-003	2.507861e-001
3.002494124084637e-003	2.506789e-001
3.002810976196186e-003	2.505664e-001
3.003444680419285e-003	2.504006e-001
3.004102681630637e-003	2.502775e-001
3.005418684053340e-003	2.500709e-001
3.006750569547919e-003	2.498433e-001
3.007046119705335e-003	2.497846e-001
3.007637220020167e-003	2.496563e-001
3.008819420649832e-003	2.494038e-001
3.011183821909161e-003	2.489339e-001
3.015346816007892e-003	2.481848e-001
3.022606757607769e-003	2.470049e-001
3.029355875899109e-003	2.460474e-001
3.039355875899109e-003	2.448505e-001
3.049355875899109e-003	2.438519e-001
3.059355875899109e-003	2.430354e-001
3.069355875899109e-003	2.423672e-001
3.079355875899109e-003	2.418205e-001
3.089355875899109e-003	2.413730e-001
3.099355875899109e-003	2.410066e-001
3.109355875899109e-003	2.407068e-001
3.119355875899109e-003	2.404612e-001
3.129355875899109e-003	2.402602e-001
3.139355875899109e-003	2.400955e-001
3.149355875899109e-003	2.399607e-001
3.159355875899109e-003	2.398503e-001
3.169355875899109e-003	2.397599e-001
3.179355875899109e-003	2.396858e-001
3.189355875899109e-003	2.396252e-001
3.199355875899109e-003	2.395755e-001
3.209355875899109e-003	2.395348e-001
3.219355875899110e-003	2.395015e-001
3.229355875899110e-003	2.394742e-001
3.239355875899110e-003	2.394518e-001
3.249355875899110e-003	2.394335e-001
3.259355875899110e-003	2.394185e-001
3.269355875899110e-003	2.394063e-001
3.279355875899110e-003	2.393962e-001
3.289355875899110e-003	2.393879e-001
3.299355875899110e-003	2.393812e-001
3.309355875899110e-003	2.393757e-001
3.319355875899110e-003	2.393711e-001
3.329355875899110e-003	2.393674e-001
3.339355875899110e-003	2.393644e-001
3.349355875899110e-003	2.393619e-001
3.359355875899110e-003	2.393599e-001
3.369355875899110e-003	2.393582e-001
3.379355875899110e-003	2.393568e-001
3.389355875899110e-003	2.393557e-001
3.399355875899110e-003	2.393548e-001
3.409355875899110e-003	2.393540e-001
3.419355875899110e-003	2.393534e-001
3.429355875899110e-003	2.393529e-001
3.439355875899110e-003	2.393525e-001
3.449355875899110e-003	2.393522e-001
3.459355875899110e-003	2.393519e-001
3.479355875899110e-003	2.393515e-001
3.499355875899110e-003	2.393512e-001
3.529355875899110e-003	2.393509e-001
3.552213018756253e-003	2.393509e-001
3.575070161613396e-003	2.393508e-001
3.597927304470539e-003	2.393507e-001
3.620784447327682e-003	2.393507e-001
3.643641590184825e-003	2.393506e-001
3.666498733041968e-003	2.393506e-001
3.689355875899111e-003	2.393506e-001
3.994847007192857e-003	2.393506e-001
3.996811532367854e-003	2.393506e-001
4.000000000000000e-003	2.394470e-001
4.000931065885461e-003	2.396466e-001
4.001303344436673e-003	2.398356e-001
4.001528220529073e-003	2.399851e-001
4.001633230799428e-003	2.400554e-001
4.001729453065474e-003	2.401172e-001
4.001837067150466e-003	2.401829e-001
4.002013946683048e-003	2.402837e-001
4.002222180611643e-003	2.403912e-001
4.002461075330071e-003	2.404987e-001
4.002766155232692e-003	2.406095e-001
4.003376315037934e-003	2.407751e-001
4.004008829584007e-003	2.408978e-001
4.005273858676153e-003	2.410975e-001
4.006599239204126e-003	2.413321e-001
4.008858312927529e-003	2.417896e-001
4.011660303553868e-003	2.423509e-001
4.014772683935158e-003	2.429178e-001
4.020770346981238e-003	2.439161e-001
4.026276050932532e-003	2.447339e-001
4.036276050932532e-003	2.460040e-001
4.046276050932531e-003	2.470716e-001
4.056276050932531e-003	2.479446e-001
4.066276050932531e-003	2.486584e-001
4.076276050932530e-003	2.492419e-001
4.086276050932530e-003	2.497188e-001
4.096276050932529e-003	2.501085e-001
4.106276050932529e-003	2.504268e-001
4.116276050932529e-003	2.506870e-001
4.126276050932528e-003	2.508994e-001
4.136276050932528e-003	2.510730e-001
4.146276050932527e-003	2.512147e-001
4.156276050932527e-003	2.513306e-001
4.166276050932526e-003	2.514252e-001
4.176276050932526e-003	2.515024e-001
4.186276050932526e-003	2.515655e-001
4.196276050932525e-003	2.516171e-001
4.206276050932525e-003	2.516592e-001
4.216276050932524e-003	2.516935e-001
4.226276050932524e-003	2.517216e-001
4.236276050932524e-003	2.517445e-001
4.246276050932523e-003	2.517632e-001
4.256276050932523e-003	2.517785e-001
4.266276050932522e-003	2.517910e-001
4.276276050932522e-003	2.518012e-001
4.286276050932522e-003	2.518095e-001
4.296276050932521e-003	2.518163e-001
4.306276050932521e-003	2.518219e-001
4.316276050932520e-003	2.518264e-001
4.326276050932520e-003	2.518301e-001
4.336276050932520e-003	2.518331e-001
4.346276050932519e-003	2.518356e-001
4.356276050932519e-003	2.518376e-001
4.366276050932518e-003	2.518393e-001
4.376276050932518e-003	2.518406e-001
4.386276050932518e-003	2.518417e-001
4.396276050932517e-003	2.518426e-001
4.406276050932517e-003	2.518434e-001
4.416276050932516e-003	2.518440e-001
4.426276050932516e-003	2.518444e-001
4.436276050932515e-003	2.518448e-001
4.456276050932515e-003	2.518454e-001
4.476276050932514e-003	2.518458e-001
4.506276050932513e-003	2.518462e-001
4.526276050932512e-003	2.518463e-001
4.546276050932511e-003	2.518464e-001
4.566276050932510e-003	2.518465e-001
4.586276050932509e-003	2.518465e-001
4.606276050932509e-003	2.518466e-001
4.626276050932508e-003	2.518466e-001
4.646276050932507e-003	2.518466e-001
4.976276050932493e-003	2.518466e-001
4.986276050932493e-003	2.518466e-001
4.990000000001001e-003	2.518466e-001
4.992552101863985e-003	2.518467e-001
4.995312611178908e-003	2.518466e-001
4.996146240986661e-003	2.518466e-001
4.997813500602168e-003	2.518466e-001
5.000000000001000e-003	2.517897e-001
5.000594640876080e-003	2.516722e-001
5.000833303000956e-003	2.515549e-001
5.001009327452452e-003	2.514356e-001
5.001074420597018e-003	2.513888e-001
5.001168831761006e-003	2.513206e-001
5.001274677775812e-003	2.512454e-001
5.001388859353212e-003	2.511666e-001
5.001533525069303e-003	2.510722e-001
5.001779773875029e-003	2.509258e-001
5.002091865842271e-003	2.507639e-001
5.002395973748598e-003	2.506382e-001
5.003004189561251e-003	2.504566e-001
5.003721921690170e-003	2.503107e-001
5.004942557806109e-003	2.501201e-001
5.006244972540220e-003	2.498950e-001
5.008273896353535e-003	2.494851e-001
5.010939770543980e-003	2.489439e-001
5.013848615081518e-003	2.484060e-001
5.019370819483270e-003	2.474727e-001
5.024656647968791e-003	2.466716e-001
5.034656647968791e-003	2.453717e-001
5.044656647968790e-003	2.442783e-001
5.054656647968790e-003	2.433841e-001
5.064656647968790e-003	2.426526e-001
5.074656647968789e-003	2.420539e-001
5.084656647968789e-003	2.415641e-001
5.094656647968788e-003	2.411630e-001
5.104656647968788e-003	2.408348e-001
5.114656647968788e-003	2.405660e-001
5.124656647968787e-003	2.403459e-001
5.134656647968787e-003	2.401658e-001
5.144656647968786e-003	2.400182e-001
5.154656647968786e-003	2.398974e-001
5.164656647968786e-003	2.397984e-001
5.174656647968785e-003	2.397174e-001
5.184656647968785e-003	2.396510e-001
5.194656647968784e-003	2.395967e-001
5.204656647968784e-003	2.395522e-001
5.214656647968784e-003	2.395157e-001
5.224656647968783e-003	2.394858e-001
5.234656647968783e-003	2.394614e-001
5.244656647968782e-003	2.394413e-001
5.254656647968782e-003	2.394249e-001
5.264656647968781e-003	2.394115e-001
5.274656647968781e-003	2.394005e-001
5.284656647968781e-003	2.393914e-001
5.294656647968780e-003	2.393841e-001
5.304656647968780e-003	2.393780e-001
5.314656647968779e-003	2.393731e-001
5.324656647968779e-003	2.393690e-001
5.334656647968779e-003	2.393657e-001
5.344656647968778e-003	2.393630e-001
5.354656647968778e-003	2.393607e-001
5.364656647968777e-003	2.393589e-001
5.374656647968777e-003	2.393574e-001
5.384656647968777e-003	2.393562e-001
5.394656647968776e-003	2.393552e-001
5.404656647968776e-003	2.393543e-001
5.414656647968775e-003	2.393537e-001
5.424656647968775e-003	2.393531e-001
5.434656647968775e-003	2.393527e-001
5.444656647968774e-003	2.393523e-001
5.454656647968774e-003	2.393520e-001
5.474656647968773e-003	2.393515e-001
5.494656647968772e-003	2.393512e-001
5.524656647968771e-003	2.393510e-001
5.547513790825913e-003	2.393509e-001
5.570370933683054e-003	2.393508e-001
5.593228076540197e-003	2.393507e-001
5.616085219397339e-003	2.393507e-001
5.638942362254481e-003	2.393506e-001
5.661799505111622e-003	2.393506e-001
5.684656647968764e-003	2.393506e-001
5.974656647968753e-003	2.393506e-001
5.984656647968752e-003	2.393506e-001
5.990000000000001e-003	2.393506e-001
6.000000000000000e-003	2.393506e-001
