
time	V(vo)
0.000000000000000e+000	2.234210e+000
9.999999439624929e-011	2.234210e+000
1.010447708910833e-010	2.234210e+000
1.031343238807513e-010	2.234210e+000
1.073134298600873e-010	2.234210e+000
1.156716418187593e-010	2.234210e+000
1.323413780802265e-010	2.234210e+000
1.656808506031607e-010	2.234210e+000
2.010405986269917e-010	2.234210e+000
2.473365984074765e-010	2.234210e+000
3.033753225109629e-010	2.234210e+000
4.028199488483434e-010	2.234210e+000
5.640150089934810e-010	2.234210e+000
8.864051292837565e-010	2.234210e+000
1.531185369864307e-009	2.234210e+000
2.606112256003612e-009	2.234210e+000
3.917252564345580e-009	2.234210e+000
6.314120846658343e-009	2.234211e+000
9.336211987435581e-009	2.234211e+000
1.361735770434811e-008	2.234212e+000
2.046349575891167e-008	2.234214e+000
3.211332825991131e-008	2.234218e+000
5.110559597952151e-008	2.234225e+000
8.269576150701829e-008	2.234242e+000
1.268456878988661e-007	2.234270e+000
1.682989223337405e-007	2.234302e+000
2.149483824096479e-007	2.234342e+000
2.602156228920179e-007	2.234384e+000
3.126489961761268e-007	2.234435e+000
3.699019906352215e-007	2.234494e+000
4.432451817550982e-007	2.234571e+000
5.425048365651430e-007	2.234675e+000
6.412526129687937e-007	2.234777e+000
7.424786702230656e-007	2.234877e+000
8.553244461937917e-007	2.234983e+000
9.836396878086152e-007	2.235094e+000
1.173423055324123e-006	2.235235e+000
1.484952213103109e-006	2.235419e+000
1.767520202505549e-006	2.235532e+000
2.238973132239982e-006	2.235629e+000
3.181878991708849e-006	2.235722e+000
4.033927452167834e-006	2.235828e+000
5.089829729919449e-006	2.236068e+000
6.362518717390213e-006	2.236440e+000
7.971346472487894e-006	2.236883e+000
9.580586942771834e-006	2.237273e+000
1.188833829287343e-005	2.237821e+000
1.218791846320372e-005	2.237896e+000
1.278707880386430e-005	2.238049e+000
1.398539948518547e-005	2.238341e+000
1.638204084782781e-005	2.238902e+000
2.117532357311247e-005	2.239991e+000
2.650220229767470e-005	2.241147e+000
3.650220229767470e-005	2.243181e+000
4.650220229767470e-005	2.245066e+000
5.650220229767469e-005	2.246795e+000
6.650220229767470e-005	2.248380e+000
7.650220229767470e-005	2.249833e+000
8.650220229767470e-005	2.251165e+000
9.650220229767470e-005	2.252386e+000
1.065022022976747e-004	2.253505e+000
1.165022022976747e-004	2.254532e+000
1.265022022976747e-004	2.255473e+000
1.365022022976747e-004	2.256336e+000
1.465022022976747e-004	2.257126e+000
1.565022022976747e-004	2.257851e+000
1.665022022976747e-004	2.258516e+000
1.765022022976747e-004	2.259125e+000
1.865022022976747e-004	2.259683e+000
1.965022022976747e-004	2.260195e+000
2.065022022976747e-004	2.260665e+000
2.165022022976747e-004	2.261095e+000
2.265022022976747e-004	2.261489e+000
2.365022022976747e-004	2.261851e+000
2.465022022976747e-004	2.262182e+000
2.565022022976747e-004	2.262486e+000
2.665022022976748e-004	2.262764e+000
2.765022022976748e-004	2.263020e+000
2.865022022976748e-004	2.263253e+000
2.965022022976748e-004	2.263468e+000
3.065022022976749e-004	2.263664e+000
3.165022022976749e-004	2.263844e+000
3.265022022976749e-004	2.264010e+000
3.365022022976750e-004	2.264161e+000
3.465022022976750e-004	2.264300e+000
3.565022022976750e-004	2.264427e+000
3.665022022976750e-004	2.264544e+000
3.765022022976751e-004	2.264651e+000
3.865022022976751e-004	2.264749e+000
3.965022022976751e-004	2.264838e+000
4.065022022976751e-004	2.264921e+000
4.165022022976752e-004	2.264996e+000
4.265022022976752e-004	2.265065e+000
4.365022022976752e-004	2.265129e+000
4.465022022976752e-004	2.265187e+000
4.565022022976753e-004	2.265240e+000
4.665022022976753e-004	2.265289e+000
4.765022022976753e-004	2.265334e+000
4.865022022976753e-004	2.265375e+000
4.965022022976754e-004	2.265412e+000
5.065022022976754e-004	2.265447e+000
5.165022022976754e-004	2.265479e+000
5.265022022976755e-004	2.265507e+000
5.365022022976755e-004	2.265534e+000
5.465022022976755e-004	2.265558e+000
5.565022022976755e-004	2.265581e+000
5.665022022976756e-004	2.265601e+000
5.765022022976756e-004	2.265620e+000
5.865022022976756e-004	2.265637e+000
5.965022022976756e-004	2.265653e+000
6.065022022976757e-004	2.265667e+000
6.165022022976757e-004	2.265681e+000
6.265022022976757e-004	2.265693e+000
6.365022022976757e-004	2.265704e+000
6.465022022976758e-004	2.265714e+000
6.565022022976758e-004	2.265723e+000
6.665022022976758e-004	2.265732e+000
6.765022022976758e-004	2.265740e+000
6.865022022976759e-004	2.265747e+000
6.965022022976759e-004	2.265754e+000
7.065022022976759e-004	2.265759e+000
7.165022022976759e-004	2.265765e+000
7.265022022976760e-004	2.265770e+000
7.365022022976760e-004	2.265775e+000
7.465022022976760e-004	2.265779e+000
7.565022022976761e-004	2.265783e+000
7.765022022976761e-004	2.265790e+000
7.965022022976762e-004	2.265796e+000
8.165022022976762e-004	2.265800e+000
8.365022022976763e-004	2.265805e+000
8.565022022976763e-004	2.265808e+000
8.765022022976764e-004	2.265811e+000
8.965022022976764e-004	2.265813e+000
9.165022022976765e-004	2.265815e+000
9.465022022976766e-004	2.265818e+000
9.765022022976766e-004	2.265820e+000
9.988370300469318e-004	2.265821e+000
1.000000000001000e-003	2.265785e+000
1.000287454321295e-003	2.265715e+000
1.000401649168420e-003	2.265644e+000
1.000461968868652e-003	2.265591e+000
1.000507625155620e-003	2.265547e+000
1.000562176461850e-003	2.265492e+000
1.000631015468154e-003	2.265422e+000
1.000701537400897e-003	2.265349e+000
1.000795177304787e-003	2.265255e+000
1.000913006796851e-003	2.265140e+000
1.001027380565304e-003	2.265035e+000
1.001159237907971e-003	2.264924e+000
1.001324055555360e-003	2.264804e+000
1.001649107821564e-003	2.264616e+000
1.001953693768951e-003	2.264495e+000
1.002407302362024e-003	2.264402e+000
1.003314519548172e-003	2.264308e+000
1.004237803590816e-003	2.264188e+000
1.005262467243858e-003	2.263951e+000
1.006598282484472e-003	2.263561e+000
1.008178677479234e-003	2.263130e+000
1.009882815430511e-003	2.262718e+000
1.012299613693302e-003	2.262137e+000
1.014786567458797e-003	2.261537e+000
1.019760474989788e-003	2.260387e+000
1.024729059880989e-003	2.259287e+000
1.032091434684567e-003	2.257747e+000
1.042091434684567e-003	2.255798e+000
1.052091434684567e-003	2.253999e+000
1.062091434684567e-003	2.252351e+000
1.072091434684567e-003	2.250839e+000
1.082091434684567e-003	2.249453e+000
1.092091434684567e-003	2.248182e+000
1.102091434684567e-003	2.247017e+000
1.122091434684567e-003	2.244970e+000
1.142091434684567e-003	2.243249e+000
1.152091434684567e-003	2.242494e+000
1.162091434684567e-003	2.241802e+000
1.172091434684567e-003	2.241168e+000
1.182091434684567e-003	2.240586e+000
1.192091434684567e-003	2.240052e+000
1.202091434684567e-003	2.239563e+000
1.212091434684567e-003	2.239115e+000
1.222091434684567e-003	2.238703e+000
1.232091434684567e-003	2.238326e+000
1.242091434684567e-003	2.237980e+000
1.252091434684567e-003	2.237663e+000
1.262091434684567e-003	2.237372e+000
1.272091434684567e-003	2.237106e+000
1.282091434684567e-003	2.236861e+000
1.292091434684567e-003	2.236637e+000
1.302091434684567e-003	2.236432e+000
1.312091434684568e-003	2.236243e+000
1.322091434684568e-003	2.236070e+000
1.332091434684568e-003	2.235912e+000
1.342091434684568e-003	2.235766e+000
1.352091434684568e-003	2.235633e+000
1.362091434684568e-003	2.235511e+000
1.372091434684568e-003	2.235399e+000
1.382091434684568e-003	2.235296e+000
1.392091434684568e-003	2.235202e+000
1.402091434684568e-003	2.235116e+000
1.412091434684568e-003	2.235036e+000
1.422091434684568e-003	2.234964e+000
1.432091434684568e-003	2.234897e+000
1.442091434684568e-003	2.234836e+000
1.452091434684568e-003	2.234780e+000
1.462091434684568e-003	2.234729e+000
1.472091434684568e-003	2.234682e+000
1.482091434684568e-003	2.234638e+000
1.492091434684568e-003	2.234599e+000
1.502091434684568e-003	2.234562e+000
1.512091434684568e-003	2.234529e+000
1.522091434684568e-003	2.234499e+000
1.532091434684568e-003	2.234471e+000
1.542091434684568e-003	2.234445e+000
1.552091434684568e-003	2.234421e+000
1.562091434684568e-003	2.234400e+000
1.572091434684568e-003	2.234380e+000
1.582091434684568e-003	2.234362e+000
1.592091434684568e-003	2.234345e+000
1.602091434684568e-003	2.234330e+000
1.612091434684568e-003	2.234316e+000
1.622091434684568e-003	2.234303e+000
1.632091434684568e-003	2.234291e+000
1.642091434684568e-003	2.234281e+000
1.652091434684568e-003	2.234271e+000
1.662091434684568e-003	2.234262e+000
1.672091434684568e-003	2.234253e+000
1.682091434684568e-003	2.234246e+000
1.692091434684569e-003	2.234239e+000
1.702091434684569e-003	2.234232e+000
1.712091434684569e-003	2.234226e+000
1.722091434684569e-003	2.234221e+000
1.732091434684569e-003	2.234216e+000
1.742091434684569e-003	2.234211e+000
1.752091434684569e-003	2.234207e+000
1.762091434684569e-003	2.234203e+000
1.782091434684569e-003	2.234197e+000
1.802091434684569e-003	2.234191e+000
1.822091434684569e-003	2.234186e+000
1.842091434684569e-003	2.234182e+000
1.862091434684569e-003	2.234179e+000
1.882091434684569e-003	2.234176e+000
1.902091434684569e-003	2.234174e+000
1.922091434684569e-003	2.234172e+000
1.952091434684569e-003	2.234169e+000
1.982091434684569e-003	2.234168e+000
1.990000000000000e-003	2.234167e+000
2.000000000000000e-003	2.234521e+000
2.003249927444153e-003	2.235180e+000
2.004830866605025e-003	2.235725e+000
2.005493037820257e-003	2.235891e+000
2.005981950490350e-003	2.235954e+000
2.006450095954667e-003	2.236014e+000
2.006713437558457e-003	2.236058e+000
2.007003155699541e-003	2.236116e+000
2.007263914814230e-003	2.236179e+000
2.007775322516189e-003	2.236317e+000
2.008241144173854e-003	2.236452e+000
2.009139409895589e-003	2.236705e+000
2.010935941339060e-003	2.237167e+000
2.013319287482442e-003	2.237744e+000
2.017109350735355e-003	2.238648e+000
2.021131147397557e-003	2.239578e+000
2.027714428770036e-003	2.241017e+000
2.037714428770036e-003	2.243068e+000
2.047714428770036e-003	2.244962e+000
2.057714428770036e-003	2.246700e+000
2.067714428770036e-003	2.248292e+000
2.087714428770037e-003	2.251091e+000
2.107714428770037e-003	2.253444e+000
2.117714428770037e-003	2.254475e+000
2.127714428770037e-003	2.255421e+000
2.137714428770037e-003	2.256288e+000
2.147714428770037e-003	2.257082e+000
2.157714428770037e-003	2.257811e+000
2.167714428770037e-003	2.258479e+000
2.177714428770037e-003	2.259091e+000
2.187714428770037e-003	2.259652e+000
2.197714428770037e-003	2.260167e+000
2.207714428770037e-003	2.260638e+000
2.217714428770037e-003	2.261070e+000
2.227714428770037e-003	2.261467e+000
2.237714428770037e-003	2.261830e+000
2.247714428770037e-003	2.262163e+000
2.257714428770037e-003	2.262468e+000
2.267714428770037e-003	2.262748e+000
2.277714428770037e-003	2.263005e+000
2.287714428770037e-003	2.263240e+000
2.297714428770037e-003	2.263455e+000
2.307714428770037e-003	2.263653e+000
2.317714428770037e-003	2.263834e+000
2.327714428770037e-003	2.264000e+000
2.337714428770037e-003	2.264152e+000
2.347714428770037e-003	2.264292e+000
2.357714428770037e-003	2.264419e+000
2.367714428770037e-003	2.264536e+000
2.377714428770037e-003	2.264644e+000
2.387714428770037e-003	2.264742e+000
2.397714428770037e-003	2.264832e+000
2.407714428770037e-003	2.264915e+000
2.417714428770037e-003	2.264991e+000
2.427714428770037e-003	2.265061e+000
2.437714428770037e-003	2.265125e+000
2.447714428770037e-003	2.265183e+000
2.457714428770037e-003	2.265236e+000
2.467714428770038e-003	2.265285e+000
2.477714428770038e-003	2.265331e+000
2.487714428770038e-003	2.265372e+000
2.497714428770038e-003	2.265409e+000
2.507714428770038e-003	2.265444e+000
2.517714428770038e-003	2.265476e+000
2.527714428770038e-003	2.265505e+000
2.537714428770038e-003	2.265532e+000
2.547714428770038e-003	2.265556e+000
2.557714428770038e-003	2.265579e+000
2.567714428770038e-003	2.265599e+000
2.577714428770038e-003	2.265618e+000
2.587714428770038e-003	2.265635e+000
2.597714428770038e-003	2.265651e+000
2.607714428770038e-003	2.265666e+000
2.617714428770038e-003	2.265679e+000
2.627714428770038e-003	2.265691e+000
2.637714428770038e-003	2.265702e+000
2.647714428770038e-003	2.265712e+000
2.657714428770038e-003	2.265722e+000
2.667714428770038e-003	2.265730e+000
2.677714428770038e-003	2.265738e+000
2.687714428770038e-003	2.265746e+000
2.697714428770038e-003	2.265752e+000
2.707714428770038e-003	2.265758e+000
2.717714428770038e-003	2.265764e+000
2.727714428770038e-003	2.265769e+000
2.737714428770038e-003	2.265774e+000
2.747714428770038e-003	2.265778e+000
2.767714428770038e-003	2.265785e+000
2.787714428770038e-003	2.265792e+000
2.807714428770038e-003	2.265797e+000
2.827714428770038e-003	2.265802e+000
2.847714428770039e-003	2.265805e+000
2.867714428770039e-003	2.265809e+000
2.887714428770039e-003	2.265811e+000
2.907714428770039e-003	2.265813e+000
2.937714428770039e-003	2.265816e+000
2.967714428770039e-003	2.265818e+000
2.977714428770039e-003	2.265819e+000
2.987714428770039e-003	2.265819e+000
2.994571142462923e-003	2.265820e+000
3.000000000001000e-003	2.265586e+000
3.001688563230332e-003	2.265127e+000
3.002374946787090e-003	2.264747e+000
3.002672778925679e-003	2.264581e+000
3.002953378382763e-003	2.264465e+000
3.003088319337343e-003	2.264424e+000
3.003250767560003e-003	2.264387e+000
3.003454891603763e-003	2.264351e+000
3.003706783631642e-003	2.264319e+000
3.004117965913930e-003	2.264277e+000
3.004543584632322e-003	2.264226e+000
3.005394822069105e-003	2.264069e+000
3.006620482556087e-003	2.263757e+000
3.008423270343884e-003	2.263257e+000
3.010055737724879e-003	2.262841e+000
3.012802398681477e-003	2.262183e+000
3.015658510696669e-003	2.261499e+000
3.020041164085838e-003	2.260472e+000
3.020655612772406e-003	2.260333e+000
3.021884510145542e-003	2.260057e+000
3.022995416213102e-003	2.259807e+000
3.024171696753795e-003	2.259546e+000
3.026524257835182e-003	2.259037e+000
3.039762188090656e-003	2.256369e+000
3.049762188090657e-003	2.254529e+000
3.059762188090657e-003	2.252836e+000
3.069762188090657e-003	2.251284e+000
3.079762188090657e-003	2.249861e+000
3.089762188090657e-003	2.248557e+000
3.099762188090657e-003	2.247361e+000
3.109762188090657e-003	2.246264e+000
3.119762188090657e-003	2.245259e+000
3.129762188090657e-003	2.244337e+000
3.139762188090657e-003	2.243492e+000
3.149762188090657e-003	2.242717e+000
3.159762188090657e-003	2.242006e+000
3.169762188090657e-003	2.241355e+000
3.179762188090657e-003	2.240757e+000
3.189762188090657e-003	2.240210e+000
3.199762188090657e-003	2.239707e+000
3.209762188090657e-003	2.239247e+000
3.219762188090657e-003	2.238825e+000
3.229762188090657e-003	2.238438e+000
3.239762188090657e-003	2.238083e+000
3.249762188090657e-003	2.237757e+000
3.259762188090657e-003	2.237458e+000
3.269762188090657e-003	2.237185e+000
3.279762188090657e-003	2.236934e+000
3.289762188090657e-003	2.236704e+000
3.299762188090657e-003	2.236493e+000
3.309762188090657e-003	2.236299e+000
3.319762188090657e-003	2.236122e+000
3.329762188090657e-003	2.235959e+000
3.339762188090657e-003	2.235810e+000
3.349762188090657e-003	2.235673e+000
3.359762188090657e-003	2.235548e+000
3.369762188090657e-003	2.235433e+000
3.379762188090657e-003	2.235327e+000
3.389762188090657e-003	2.235230e+000
3.399762188090657e-003	2.235142e+000
3.409762188090657e-003	2.235060e+000
3.419762188090657e-003	2.234986e+000
3.429762188090658e-003	2.234917e+000
3.439762188090658e-003	2.234855e+000
3.449762188090658e-003	2.234797e+000
3.459762188090658e-003	2.234745e+000
3.469762188090658e-003	2.234696e+000
3.479762188090658e-003	2.234652e+000
3.489762188090658e-003	2.234611e+000
3.499762188090658e-003	2.234574e+000
3.509762188090658e-003	2.234540e+000
3.519762188090658e-003	2.234508e+000
3.529762188090658e-003	2.234479e+000
3.539762188090658e-003	2.234453e+000
3.549762188090658e-003	2.234429e+000
3.559762188090658e-003	2.234407e+000
3.569762188090658e-003	2.234387e+000
3.579762188090658e-003	2.234368e+000
3.589762188090658e-003	2.234351e+000
3.599762188090658e-003	2.234335e+000
3.609762188090658e-003	2.234321e+000
3.619762188090658e-003	2.234308e+000
3.629762188090658e-003	2.234296e+000
3.639762188090658e-003	2.234284e+000
3.649762188090658e-003	2.234274e+000
3.659762188090658e-003	2.234265e+000
3.669762188090658e-003	2.234257e+000
3.679762188090658e-003	2.234249e+000
3.689762188090658e-003	2.234241e+000
3.699762188090658e-003	2.234235e+000
3.709762188090658e-003	2.234229e+000
3.719762188090658e-003	2.234223e+000
3.729762188090658e-003	2.234218e+000
3.739762188090658e-003	2.234213e+000
3.749762188090658e-003	2.234209e+000
3.759762188090658e-003	2.234205e+000
3.779762188090658e-003	2.234198e+000
3.799762188090658e-003	2.234193e+000
3.819762188090659e-003	2.234188e+000
3.839762188090659e-003	2.234184e+000
3.859762188090659e-003	2.234180e+000
3.879762188090659e-003	2.234177e+000
3.899762188090659e-003	2.234175e+000
3.919762188090658e-003	2.234173e+000
3.949762188090657e-003	2.234170e+000
3.979762188090655e-003	2.234169e+000
3.990000000000001e-003	2.234168e+000
3.991426871456073e-003	2.234168e+000
3.993329366730837e-003	2.234168e+000
3.994403982750700e-003	2.234168e+000
3.998344241490199e-003	2.234168e+000
4.000000000000000e-003	2.234228e+000
4.000429702797608e-003	2.234353e+000
4.000623105490167e-003	2.234490e+000
4.000743030423630e-003	2.234606e+000
4.000797462503468e-003	2.234662e+000
4.000871168070186e-003	2.234735e+000
4.000960507158255e-003	2.234823e+000
4.001066725921251e-003	2.234921e+000
4.001178822691379e-003	2.235019e+000
4.001313227158345e-003	2.235126e+000
4.001499151092321e-003	2.235251e+000
4.001779858399044e-003	2.235401e+000
4.002082274816561e-003	2.235510e+000
4.002534637866729e-003	2.235596e+000
4.003439363967067e-003	2.235687e+000
4.004338164795725e-003	2.235807e+000
4.005404728330588e-003	2.236058e+000
4.006734727966919e-003	2.236446e+000
4.008323277215021e-003	2.236877e+000
4.010059123159842e-003	2.237297e+000
4.012540184101779e-003	2.237894e+000
4.015094767472126e-003	2.238509e+000
4.020203934212819e-003	2.239687e+000
4.025285411566935e-003	2.240810e+000
4.032840557476813e-003	2.242384e+000
4.042840557476813e-003	2.244325e+000
4.052840557476812e-003	2.246115e+000
4.062840557476812e-003	2.247756e+000
4.072840557476812e-003	2.249261e+000
4.082840557476811e-003	2.250641e+000
4.092840557476811e-003	2.251906e+000
4.102840557476810e-003	2.253065e+000
4.122840557476810e-003	2.255103e+000
4.142840557476809e-003	2.256815e+000
4.152840557476808e-003	2.257566e+000
4.162840557476808e-003	2.258254e+000
4.172840557476808e-003	2.258885e+000
4.182840557476807e-003	2.259464e+000
4.192840557476807e-003	2.259994e+000
4.202840557476806e-003	2.260480e+000
4.212840557476806e-003	2.260925e+000
4.222840557476805e-003	2.261334e+000
4.232840557476805e-003	2.261708e+000
4.242840557476805e-003	2.262051e+000
4.252840557476804e-003	2.262366e+000
4.262840557476804e-003	2.262654e+000
4.272840557476803e-003	2.262918e+000
4.282840557476803e-003	2.263161e+000
4.292840557476803e-003	2.263383e+000
4.302840557476802e-003	2.263587e+000
4.312840557476802e-003	2.263773e+000
4.322840557476801e-003	2.263944e+000
4.332840557476801e-003	2.264101e+000
4.342840557476801e-003	2.264245e+000
4.352840557476800e-003	2.264377e+000
4.362840557476800e-003	2.264497e+000
4.372840557476799e-003	2.264608e+000
4.382840557476799e-003	2.264709e+000
4.392840557476799e-003	2.264802e+000
4.402840557476798e-003	2.264888e+000
4.412840557476798e-003	2.264966e+000
4.422840557476797e-003	2.265038e+000
4.432840557476797e-003	2.265103e+000
4.442840557476797e-003	2.265163e+000
4.452840557476796e-003	2.265219e+000
4.462840557476796e-003	2.265269e+000
4.472840557476795e-003	2.265316e+000
4.482840557476795e-003	2.265358e+000
4.492840557476794e-003	2.265397e+000
4.502840557476794e-003	2.265433e+000
4.512840557476794e-003	2.265465e+000
4.522840557476793e-003	2.265496e+000
4.532840557476793e-003	2.265523e+000
4.542840557476792e-003	2.265548e+000
4.552840557476792e-003	2.265571e+000
4.562840557476792e-003	2.265593e+000
4.572840557476791e-003	2.265612e+000
4.582840557476791e-003	2.265630e+000
4.592840557476790e-003	2.265646e+000
4.602840557476790e-003	2.265661e+000
4.612840557476790e-003	2.265675e+000
4.622840557476789e-003	2.265687e+000
4.632840557476789e-003	2.265699e+000
4.642840557476788e-003	2.265709e+000
4.652840557476788e-003	2.265719e+000
4.662840557476788e-003	2.265728e+000
4.672840557476787e-003	2.265736e+000
4.682840557476787e-003	2.265743e+000
4.692840557476786e-003	2.265750e+000
4.702840557476786e-003	2.265757e+000
4.712840557476786e-003	2.265762e+000
4.722840557476785e-003	2.265768e+000
4.732840557476785e-003	2.265772e+000
4.742840557476784e-003	2.265777e+000
4.752840557476784e-003	2.265781e+000
4.762840557476783e-003	2.265785e+000
4.782840557476783e-003	2.265791e+000
4.802840557476782e-003	2.265797e+000
4.822840557476781e-003	2.265801e+000
4.842840557476780e-003	2.265805e+000
4.862840557476779e-003	2.265808e+000
4.882840557476779e-003	2.265811e+000
4.902840557476778e-003	2.265813e+000
4.922840557476777e-003	2.265815e+000
4.952840557476776e-003	2.265818e+000
4.982840557476775e-003	2.265819e+000
4.990000000001001e-003	2.265820e+000
5.000000000001000e-003	2.265469e+000
5.003165278397428e-003	2.264823e+000
5.004721458921325e-003	2.264279e+000
5.005367271798557e-003	2.264116e+000
5.005852107300429e-003	2.264054e+000
5.006292086682154e-003	2.264001e+000
5.006543967573465e-003	2.263962e+000
5.006821668060547e-003	2.263908e+000
5.007077655284554e-003	2.263850e+000
5.007516116612528e-003	2.263735e+000
5.007966823073320e-003	2.263607e+000
5.008868235994904e-003	2.263351e+000
5.010620376901438e-003	2.262894e+000
5.012855037848311e-003	2.262350e+000
5.016312152464668e-003	2.261523e+000
5.019881034822511e-003	2.260692e+000
5.026722357860601e-003	2.259181e+000
5.035474387323382e-003	2.257363e+000
5.045474387323382e-003	2.255439e+000
5.055474387323382e-003	2.253670e+000
5.065474387323381e-003	2.252049e+000
5.085474387323380e-003	2.249199e+000
5.095474387323380e-003	2.247950e+000
5.105474387323380e-003	2.246804e+000
5.115474387323379e-003	2.245754e+000
5.125474387323379e-003	2.244791e+000
5.135474387323378e-003	2.243908e+000
5.145474387323378e-003	2.243098e+000
5.155474387323378e-003	2.242356e+000
5.165474387323377e-003	2.241676e+000
5.175474387323377e-003	2.241051e+000
5.185474387323376e-003	2.240479e+000
5.195474387323376e-003	2.239954e+000
5.205474387323376e-003	2.239474e+000
5.215474387323375e-003	2.239033e+000
5.225474387323375e-003	2.238628e+000
5.235474387323374e-003	2.238257e+000
5.245474387323374e-003	2.237917e+000
5.255474387323374e-003	2.237605e+000
5.265474387323373e-003	2.237319e+000
5.275474387323373e-003	2.237057e+000
5.285474387323372e-003	2.236817e+000
5.295474387323372e-003	2.236596e+000
5.305474387323371e-003	2.236394e+000
5.315474387323371e-003	2.236209e+000
5.325474387323371e-003	2.236039e+000
5.335474387323370e-003	2.235883e+000
5.345474387323370e-003	2.235740e+000
5.355474387323369e-003	2.235609e+000
5.365474387323369e-003	2.235489e+000
5.375474387323369e-003	2.235379e+000
5.385474387323368e-003	2.235277e+000
5.395474387323368e-003	2.235185e+000
5.405474387323367e-003	2.235100e+000
5.415474387323367e-003	2.235022e+000
5.425474387323367e-003	2.234951e+000
5.435474387323366e-003	2.234885e+000
5.445474387323366e-003	2.234825e+000
5.455474387323365e-003	2.234770e+000
5.465474387323365e-003	2.234719e+000
5.475474387323365e-003	2.234673e+000
5.485474387323364e-003	2.234631e+000
5.495474387323364e-003	2.234591e+000
5.505474387323363e-003	2.234556e+000
5.515474387323363e-003	2.234523e+000
5.525474387323363e-003	2.234493e+000
5.535474387323362e-003	2.234466e+000
5.545474387323362e-003	2.234440e+000
5.555474387323361e-003	2.234417e+000
5.565474387323361e-003	2.234396e+000
5.575474387323360e-003	2.234376e+000
5.585474387323360e-003	2.234359e+000
5.595474387323360e-003	2.234342e+000
5.605474387323359e-003	2.234327e+000
5.615474387323359e-003	2.234313e+000
5.625474387323358e-003	2.234301e+000
5.635474387323358e-003	2.234289e+000
5.645474387323358e-003	2.234279e+000
5.655474387323357e-003	2.234269e+000
5.665474387323357e-003	2.234260e+000
5.675474387323356e-003	2.234252e+000
5.685474387323356e-003	2.234244e+000
5.695474387323356e-003	2.234237e+000
5.705474387323355e-003	2.234231e+000
5.715474387323355e-003	2.234225e+000
5.725474387323354e-003	2.234220e+000
5.735474387323354e-003	2.234215e+000
5.745474387323354e-003	2.234210e+000
5.765474387323353e-003	2.234203e+000
5.785474387323352e-003	2.234196e+000
5.805474387323351e-003	2.234191e+000
5.825474387323350e-003	2.234186e+000
5.845474387323349e-003	2.234182e+000
5.865474387323349e-003	2.234179e+000
5.885474387323348e-003	2.234176e+000
5.905474387323347e-003	2.234174e+000
5.925474387323346e-003	2.234172e+000
5.955474387323345e-003	2.234169e+000
5.975474387323344e-003	2.234168e+000
5.985474387323344e-003	2.234168e+000
5.990000000000001e-003	2.234167e+000
5.992846323940058e-003	2.234167e+000
5.996204901413256e-003	2.234167e+000
6.000000000000000e-003	2.234167e+000
